0  0 0 1000
0.001  -40.1231 0.001 1000
0.002  -1683.69 0.002 1000
0.003  -69064.7 0.003 1000
0.004  -2.83168e+06 0.004 1000
0.005  -1.16099e+08 0.005 1000
0.006  -4.76005e+09 0.006 1000
0.007  -1.95162e+11 0.007 1000
0.008  -8.00164e+12 0.008 1000
0.009  -3.28067e+14 0.009 1000
0.01  -1.34508e+16 0.01 1000
0.011  -5.51481e+17 0.011 1000
0.012  -2.26107e+19 0.012 1000
0.013  -9.2704e+20 0.013 1000
0.014  -3.80086e+22 0.014 1000
0.015  -1.55835e+24 0.015 1000
0.016  -6.38925e+25 0.016 1000
0.017  -2.61959e+27 0.017 1000
0.018  -1.07403e+29 0.018 1000
0.019  -4.40354e+30 0.019 1000
0.02  -1.80545e+32 0.02 1000
0.021  -7.40235e+33 0.021 1000
0.022  -3.03496e+35 0.022 1000
0.023  -1.24433e+37 0.023 1000
0.024  -5.10177e+38 0.024 1000
0.025  -2.09173e+40 0.025 1000
0.026  -8.57608e+41 0.026 1000
0.027  -3.51619e+43 0.027 1000
0.028  -1.44164e+45 0.028 1000
0.029  -5.91072e+46 0.029 1000
0.03  -2.42339e+48 0.03 1000
0.031  -9.93592e+49 0.031 1000
0.032  -4.07373e+51 0.032 1000
0.033  -1.67023e+53 0.033 1000
0.034  -6.84793e+54 0.034 1000
0.035  -2.80765e+56 0.035 1000
0.036  -1.15114e+58 0.036 1000
0.037  -4.71966e+59 0.037 1000
0.038  -1.93506e+61 0.038 1000
0.039  -7.93375e+62 0.039 1000
0.04  -3.25284e+64 0.04 1000
0.041  -1.33366e+66 0.041 1000
0.042  -5.46802e+67 0.042 1000
0.043  -2.24189e+69 0.043 1000
0.044  -9.19175e+70 0.044 1000
0.045  -3.76862e+72 0.045 1000
0.046  -1.54513e+74 0.046 1000
0.047  -6.33504e+75 0.047 1000
0.048  -2.59737e+77 0.048 1000
0.049  -1.06492e+79 0.049 1000
0.05  -4.36618e+80 0.05 1000
0.051  -1.79013e+82 0.051 1000
0.052  -7.33954e+83 0.052 1000
0.053  -3.00921e+85 0.053 1000
0.054  -1.23378e+87 0.054 1000
0.055  -5.05849e+88 0.055 1000
0.056  -2.07398e+90 0.056 1000
0.057  -8.50331e+91 0.057 1000
0.058  -3.48636e+93 0.058 1000
0.059  -1.42941e+95 0.059 1000
0.06  -5.86057e+96 0.06 1000
0.061  -2.40283e+98 0.061 1000
0.062  -9.85162e+99 0.062 1000
0.063  -4.03916e+101 0.063 1000
0.064  -1.65606e+103 0.064 1000
0.065  -6.78983e+104 0.065 1000
0.066  -2.78383e+106 0.066 1000
0.067  -1.14137e+108 0.067 1000
0.068  -4.67962e+109 0.068 1000
0.069  -1.91864e+111 0.069 1000
0.07  -7.86644e+112 0.07 1000
0.071  -3.22524e+114 0.071 1000
0.072  -1.32235e+116 0.072 1000
0.073  -5.42163e+117 0.073 1000
0.074  -2.22287e+119 0.074 1000
0.075  -9.11376e+120 0.075 1000
0.076  -3.73664e+122 0.076 1000
0.077  -1.53202e+124 0.077 1000
0.078  -6.2813e+125 0.078 1000
0.079  -2.57533e+127 0.079 1000
0.08  -1.05589e+129 0.08 1000
0.081  -4.32913e+130 0.081 1000
0.082  -1.77494e+132 0.082 1000
0.083  -7.27727e+133 0.083 1000
0.084  -2.98368e+135 0.084 1000
0.085  -1.22331e+137 0.085 1000
0.086  -5.01557e+138 0.086 1000
0.087  -2.05638e+140 0.087 1000
0.088  -8.43117e+141 0.088 1000
0.089  -3.45678e+143 0.089 1000
0.09  -1.41728e+145 0.09 1000
0.091  -5.81085e+146 0.091 1000
0.092  -2.38245e+148 0.092 1000
0.093  -9.76803e+149 0.093 1000
0.094  -4.00489e+151 0.094 1000
0.095  -1.64201e+153 0.095 1000
0.096  -6.73222e+154 0.096 1000
0.097  -2.76021e+156 0.097 1000
0.098  -1.13169e+158 0.098 1000
0.099  -4.63992e+159 0.099 1000
0.1  -1.90237e+161 0.1 1000
0.101  -7.7997e+162 0.101 1000
0.102  -3.19788e+164 0.102 1000
0.103  -1.31113e+166 0.103 1000
0.104  -5.37563e+167 0.104 1000
0.105  -2.20401e+169 0.105 1000
0.106  -9.03644e+170 0.106 1000
0.107  -3.70494e+172 0.107 1000
0.108  -1.51902e+174 0.108 1000
0.109  -6.228e+175 0.109 1000
0.11  -2.55348e+177 0.11 1000
0.111  -1.04693e+179 0.111 1000
0.112  -4.2924e+180 0.112 1000
0.113  -1.75988e+182 0.113 1000
0.114  -7.21553e+183 0.114 1000
0.115  -2.95837e+185 0.115 1000
0.116  -1.21293e+187 0.116 1000
0.117  -4.97301e+188 0.117 1000
0.118  -2.03894e+190 0.118 1000
0.119  -8.35964e+191 0.119 1000
0.12  -3.42745e+193 0.12 1000
0.121  -1.40525e+195 0.121 1000
0.122  -5.76154e+196 0.122 1000
0.123  -2.36223e+198 0.123 1000
0.124  -9.68516e+199 0.124 1000
0.125  -3.97091e+201 0.125 1000
0.126  -1.62807e+203 0.126 1000
0.127  -6.67511e+204 0.127 1000
0.128  -2.73679e+206 0.128 1000
0.129  -1.12209e+208 0.129 1000
0.13  -4.60055e+209 0.13 1000
0.131  -1.88623e+211 0.131 1000
0.132  -7.73352e+212 0.132 1000
0.133  -3.17074e+214 0.133 1000
0.134  -1.30001e+216 0.134 1000
0.135  -5.33002e+217 0.135 1000
0.136  -2.18531e+219 0.136 1000
0.137  -8.95977e+220 0.137 1000
0.138  -3.6735e+222 0.138 1000
0.139  -1.50614e+224 0.139 1000
0.14  -6.17516e+225 0.14 1000
0.141  -2.53182e+227 0.141 1000
0.142  -1.03804e+229 0.142 1000
0.143  -4.25598e+230 0.143 1000
0.144  -1.74495e+232 0.144 1000
0.145  -7.15431e+233 0.145 1000
0.146  -2.93327e+235 0.146 1000
0.147  -1.20264e+237 0.147 1000
0.148  -4.93082e+238 0.148 1000
0.149  -2.02164e+240 0.149 1000
0.15  -8.28871e+241 0.15 1000
0.151  -3.39837e+243 0.151 1000
0.152  -1.39333e+245 0.152 1000
0.153  -5.71266e+246 0.153 1000
0.154  -2.34219e+248 0.154 1000
0.155  -9.60298e+249 0.155 1000
0.156  -3.93722e+251 0.156 1000
0.157  -1.61426e+253 0.157 1000
0.158  -6.61847e+254 0.158 1000
0.159  -2.71357e+256 0.159 1000
0.16  -1.11257e+258 0.16 1000
0.161  -4.56152e+259 0.161 1000
0.162  -1.87022e+261 0.162 1000
0.163  -7.66791e+262 0.163 1000
0.164  -3.14384e+264 0.164 1000
0.165  -1.28898e+266 0.165 1000
0.166  -5.2848e+267 0.166 1000
0.167  -2.16677e+269 0.167 1000
0.168  -8.88375e+270 0.168 1000
0.169  -3.64234e+272 0.169 1000
0.17  -1.49336e+274 0.17 1000
0.171  -6.12277e+275 0.171 1000
0.172  -2.51034e+277 0.172 1000
0.173  -1.02924e+279 0.173 1000
0.174  -4.21987e+280 0.174 1000
0.175  -1.73015e+282 0.175 1000
0.176  -7.09361e+283 0.176 1000
0.177  -2.90838e+285 0.177 1000
0.178  -1.19244e+287 0.178 1000
0.179  -4.88899e+288 0.179 1000
0.18  -2.00448e+290 0.18 1000
0.181  -8.21838e+291 0.181 1000
0.182  -3.36954e+293 0.182 1000
0.183  -1.38151e+295 0.183 1000
0.184  -5.66419e+296 0.184 1000
0.185  -2.32232e+298 0.185 1000
0.186  -9.52151e+299 0.186 1000
0.187  -3.90382e+301 0.187 1000
0.188  -1.60057e+303 0.188 1000
0.189  -6.56232e+304 0.189 1000
0.19  -inf 0.19 1000
0.191  -nan 0.191 1000
0.192  -nan 0.192 1000
0.193  -nan 0.193 1000
0.194  -nan 0.194 1000
0.195  -nan 0.195 1000
0.196  -nan 0.196 1000
0.197  -nan 0.197 1000
0.198  -nan 0.198 1000
0.199  -nan 0.199 1000
0.2  -nan 0.2 1000
0.201  -nan 0.201 1000
0.202  -nan 0.202 1000
0.203  -nan 0.203 1000
0.204  -nan 0.204 1000
0.205  -nan 0.205 1000
0.206  -nan 0.206 1000
0.207  -nan 0.207 1000
0.208  -nan 0.208 1000
0.209  -nan 0.209 1000
0.21  -nan 0.21 1000
0.211  -nan 0.211 1000
0.212  -nan 0.212 1000
0.213  -nan 0.213 1000
0.214  -nan 0.214 1000
0.215  -nan 0.215 1000
0.216  -nan 0.216 1000
0.217  -nan 0.217 1000
0.218  -nan 0.218 1000
0.219  -nan 0.219 1000
0.22  -nan 0.22 1000
0.221  -nan 0.221 1000
0.222  -nan 0.222 1000
0.223  -nan 0.223 1000
0.224  -nan 0.224 1000
0.225  -nan 0.225 1000
0.226  -nan 0.226 1000
0.227  -nan 0.227 1000
0.228  -nan 0.228 1000
0.229  -nan 0.229 1000
0.23  -nan 0.23 1000
0.231  -nan 0.231 1000
0.232  -nan 0.232 1000
0.233  -nan 0.233 1000
0.234  -nan 0.234 1000
0.235  -nan 0.235 1000
0.236  -nan 0.236 1000
0.237  -nan 0.237 1000
0.238  -nan 0.238 1000
0.239  -nan 0.239 1000
0.24  -nan 0.24 1000
0.241  -nan 0.241 1000
0.242  -nan 0.242 1000
0.243  -nan 0.243 1000
0.244  -nan 0.244 1000
0.245  -nan 0.245 1000
0.246  -nan 0.246 1000
0.247  -nan 0.247 1000
0.248  -nan 0.248 1000
0.249  -nan 0.249 1000
0.25  -nan 0.25 1000
0.251  -nan 0.251 1000
0.252  -nan 0.252 1000
0.253  -nan 0.253 1000
0.254  -nan 0.254 1000
0.255  -nan 0.255 1000
0.256  -nan 0.256 1000
0.257  -nan 0.257 1000
0.258  -nan 0.258 1000
0.259  -nan 0.259 1000
0.26  -nan 0.26 1000
0.261  -nan 0.261 1000
0.262  -nan 0.262 1000
0.263  -nan 0.263 1000
0.264  -nan 0.264 1000
0.265  -nan 0.265 1000
0.266  -nan 0.266 1000
0.267  -nan 0.267 1000
0.268  -nan 0.268 1000
0.269  -nan 0.269 1000
0.27  -nan 0.27 1000
0.271  -nan 0.271 1000
0.272  -nan 0.272 1000
0.273  -nan 0.273 1000
0.274  -nan 0.274 1000
0.275  -nan 0.275 1000
0.276  -nan 0.276 1000
0.277  -nan 0.277 1000
0.278  -nan 0.278 1000
0.279  -nan 0.279 1000
0.28  -nan 0.28 1000
0.281  -nan 0.281 1000
0.282  -nan 0.282 1000
0.283  -nan 0.283 1000
0.284  -nan 0.284 1000
0.285  -nan 0.285 1000
0.286  -nan 0.286 1000
0.287  -nan 0.287 1000
0.288  -nan 0.288 1000
0.289  -nan 0.289 1000
0.29  -nan 0.29 1000
0.291  -nan 0.291 1000
0.292  -nan 0.292 1000
0.293  -nan 0.293 1000
0.294  -nan 0.294 1000
0.295  -nan 0.295 1000
0.296  -nan 0.296 1000
0.297  -nan 0.297 1000
0.298  -nan 0.298 1000
0.299  -nan 0.299 1000
0.3  -nan 0.3 1000
0.301  -nan 0.301 1000
0.302  -nan 0.302 1000
0.303  -nan 0.303 1000
0.304  -nan 0.304 1000
0.305  -nan 0.305 1000
0.306  -nan 0.306 1000
0.307  -nan 0.307 1000
0.308  -nan 0.308 1000
0.309  -nan 0.309 1000
0.31  -nan 0.31 1000
0.311  -nan 0.311 1000
0.312  -nan 0.312 1000
0.313  -nan 0.313 1000
0.314  -nan 0.314 1000
0.315  -nan 0.315 1000
0.316  -nan 0.316 1000
0.317  -nan 0.317 1000
0.318  -nan 0.318 1000
0.319  -nan 0.319 1000
0.32  -nan 0.32 1000
0.321  -nan 0.321 1000
0.322  -nan 0.322 1000
0.323  -nan 0.323 1000
0.324  -nan 0.324 1000
0.325  -nan 0.325 1000
0.326  -nan 0.326 1000
0.327  -nan 0.327 1000
0.328  -nan 0.328 1000
0.329  -nan 0.329 1000
0.33  -nan 0.33 1000
0.331  -nan 0.331 1000
0.332  -nan 0.332 1000
0.333  -nan 0.333 1000
0.334  -nan 0.334 1000
0.335  -nan 0.335 1000
0.336  -nan 0.336 1000
0.337  -nan 0.337 1000
0.338  -nan 0.338 1000
0.339  -nan 0.339 1000
0.34  -nan 0.34 1000
0.341  -nan 0.341 1000
0.342  -nan 0.342 1000
0.343  -nan 0.343 1000
0.344  -nan 0.344 1000
0.345  -nan 0.345 1000
0.346  -nan 0.346 1000
0.347  -nan 0.347 1000
0.348  -nan 0.348 1000
0.349  -nan 0.349 1000
0.35  -nan 0.35 1000
0.351  -nan 0.351 1000
0.352  -nan 0.352 1000
0.353  -nan 0.353 1000
0.354  -nan 0.354 1000
0.355  -nan 0.355 1000
0.356  -nan 0.356 1000
0.357  -nan 0.357 1000
0.358  -nan 0.358 1000
0.359  -nan 0.359 1000
0.36  -nan 0.36 1000
0.361  -nan 0.361 1000
0.362  -nan 0.362 1000
0.363  -nan 0.363 1000
0.364  -nan 0.364 1000
0.365  -nan 0.365 1000
0.366  -nan 0.366 1000
0.367  -nan 0.367 1000
0.368  -nan 0.368 1000
0.369  -nan 0.369 1000
0.37  -nan 0.37 1000
0.371  -nan 0.371 1000
0.372  -nan 0.372 1000
0.373  -nan 0.373 1000
0.374  -nan 0.374 1000
0.375  -nan 0.375 1000
0.376  -nan 0.376 1000
0.377  -nan 0.377 1000
0.378  -nan 0.378 1000
0.379  -nan 0.379 1000
0.38  -nan 0.38 1000
0.381  -nan 0.381 1000
0.382  -nan 0.382 1000
0.383  -nan 0.383 1000
0.384  -nan 0.384 1000
0.385  -nan 0.385 1000
0.386  -nan 0.386 1000
0.387  -nan 0.387 1000
0.388  -nan 0.388 1000
0.389  -nan 0.389 1000
0.39  -nan 0.39 1000
0.391  -nan 0.391 1000
0.392  -nan 0.392 1000
0.393  -nan 0.393 1000
0.394  -nan 0.394 1000
0.395  -nan 0.395 1000
0.396  -nan 0.396 1000
0.397  -nan 0.397 1000
0.398  -nan 0.398 1000
0.399  -nan 0.399 1000
0.4  -nan 0.4 1000
0.401  -nan 0.401 1000
0.402  -nan 0.402 1000
0.403  -nan 0.403 1000
0.404  -nan 0.404 1000
0.405  -nan 0.405 1000
0.406  -nan 0.406 1000
0.407  -nan 0.407 1000
0.408  -nan 0.408 1000
0.409  -nan 0.409 1000
0.41  -nan 0.41 1000
0.411  -nan 0.411 1000
0.412  -nan 0.412 1000
0.413  -nan 0.413 1000
0.414  -nan 0.414 1000
0.415  -nan 0.415 1000
0.416  -nan 0.416 1000
0.417  -nan 0.417 1000
0.418  -nan 0.418 1000
0.419  -nan 0.419 1000
0.42  -nan 0.42 1000
0.421  -nan 0.421 1000
0.422  -nan 0.422 1000
0.423  -nan 0.423 1000
0.424  -nan 0.424 1000
0.425  -nan 0.425 1000
0.426  -nan 0.426 1000
0.427  -nan 0.427 1000
0.428  -nan 0.428 1000
0.429  -nan 0.429 1000
0.43  -nan 0.43 1000
0.431  -nan 0.431 1000
0.432  -nan 0.432 1000
0.433  -nan 0.433 1000
0.434  -nan 0.434 1000
0.435  -nan 0.435 1000
0.436  -nan 0.436 1000
0.437  -nan 0.437 1000
0.438  -nan 0.438 1000
0.439  -nan 0.439 1000
0.44  -nan 0.44 1000
0.441  -nan 0.441 1000
0.442  -nan 0.442 1000
0.443  -nan 0.443 1000
0.444  -nan 0.444 1000
0.445  -nan 0.445 1000
0.446  -nan 0.446 1000
0.447  -nan 0.447 1000
0.448  -nan 0.448 1000
0.449  -nan 0.449 1000
0.45  -nan 0.45 1000
0.451  -nan 0.451 1000
0.452  -nan 0.452 1000
0.453  -nan 0.453 1000
0.454  -nan 0.454 1000
0.455  -nan 0.455 1000
0.456  -nan 0.456 1000
0.457  -nan 0.457 1000
0.458  -nan 0.458 1000
0.459  -nan 0.459 1000
0.46  -nan 0.46 1000
0.461  -nan 0.461 1000
0.462  -nan 0.462 1000
0.463  -nan 0.463 1000
0.464  -nan 0.464 1000
0.465  -nan 0.465 1000
0.466  -nan 0.466 1000
0.467  -nan 0.467 1000
0.468  -nan 0.468 1000
0.469  -nan 0.469 1000
0.47  -nan 0.47 1000
0.471  -nan 0.471 1000
0.472  -nan 0.472 1000
0.473  -nan 0.473 1000
0.474  -nan 0.474 1000
0.475  -nan 0.475 1000
0.476  -nan 0.476 1000
0.477  -nan 0.477 1000
0.478  -nan 0.478 1000
0.479  -nan 0.479 1000
0.48  -nan 0.48 1000
0.481  -nan 0.481 1000
0.482  -nan 0.482 1000
0.483  -nan 0.483 1000
0.484  -nan 0.484 1000
0.485  -nan 0.485 1000
0.486  -nan 0.486 1000
0.487  -nan 0.487 1000
0.488  -nan 0.488 1000
0.489  -nan 0.489 1000
0.49  -nan 0.49 1000
0.491  -nan 0.491 1000
0.492  -nan 0.492 1000
0.493  -nan 0.493 1000
0.494  -nan 0.494 1000
0.495  -nan 0.495 1000
0.496  -nan 0.496 1000
0.497  -nan 0.497 1000
0.498  -nan 0.498 1000
0.499  -nan 0.499 1000
0.5  -nan 0.5 1000
0.501  -nan 0.501 1000
0.502  -nan 0.502 1000
0.503  -nan 0.503 1000
0.504  -nan 0.504 1000
0.505  -nan 0.505 1000
0.506  -nan 0.506 1000
0.507  -nan 0.507 1000
0.508  -nan 0.508 1000
0.509  -nan 0.509 1000
0.51  -nan 0.51 1000
0.511  -nan 0.511 1000
0.512  -nan 0.512 1000
0.513  -nan 0.513 1000
0.514  -nan 0.514 1000
0.515  -nan 0.515 1000
0.516  -nan 0.516 1000
0.517  -nan 0.517 1000
0.518  -nan 0.518 1000
0.519  -nan 0.519 1000
0.52  -nan 0.52 1000
0.521  -nan 0.521 1000
0.522  -nan 0.522 1000
0.523  -nan 0.523 1000
0.524  -nan 0.524 1000
0.525  -nan 0.525 1000
0.526  -nan 0.526 1000
0.527  -nan 0.527 1000
0.528  -nan 0.528 1000
0.529  -nan 0.529 1000
0.53  -nan 0.53 1000
0.531  -nan 0.531 1000
0.532  -nan 0.532 1000
0.533  -nan 0.533 1000
0.534  -nan 0.534 1000
0.535  -nan 0.535 1000
0.536  -nan 0.536 1000
0.537  -nan 0.537 1000
0.538  -nan 0.538 1000
0.539  -nan 0.539 1000
0.54  -nan 0.54 1000
0.541  -nan 0.541 1000
0.542  -nan 0.542 1000
0.543  -nan 0.543 1000
0.544  -nan 0.544 1000
0.545  -nan 0.545 1000
0.546  -nan 0.546 1000
0.547  -nan 0.547 1000
0.548  -nan 0.548 1000
0.549  -nan 0.549 1000
0.55  -nan 0.55 1000
0.551  -nan 0.551 1000
0.552  -nan 0.552 1000
0.553  -nan 0.553 1000
0.554  -nan 0.554 1000
0.555  -nan 0.555 1000
0.556  -nan 0.556 1000
0.557  -nan 0.557 1000
0.558  -nan 0.558 1000
0.559  -nan 0.559 1000
0.56  -nan 0.56 1000
0.561  -nan 0.561 1000
0.562  -nan 0.562 1000
0.563  -nan 0.563 1000
0.564  -nan 0.564 1000
0.565  -nan 0.565 1000
0.566  -nan 0.566 1000
0.567  -nan 0.567 1000
0.568  -nan 0.568 1000
0.569  -nan 0.569 1000
0.57  -nan 0.57 1000
0.571  -nan 0.571 1000
0.572  -nan 0.572 1000
0.573  -nan 0.573 1000
0.574  -nan 0.574 1000
0.575  -nan 0.575 1000
0.576  -nan 0.576 1000
0.577  -nan 0.577 1000
0.578  -nan 0.578 1000
0.579  -nan 0.579 1000
0.58  -nan 0.58 1000
0.581  -nan 0.581 1000
0.582  -nan 0.582 1000
0.583  -nan 0.583 1000
0.584  -nan 0.584 1000
0.585  -nan 0.585 1000
0.586  -nan 0.586 1000
0.587  -nan 0.587 1000
0.588  -nan 0.588 1000
0.589  -nan 0.589 1000
0.59  -nan 0.59 1000
0.591  -nan 0.591 1000
0.592  -nan 0.592 1000
0.593  -nan 0.593 1000
0.594  -nan 0.594 1000
0.595  -nan 0.595 1000
0.596  -nan 0.596 1000
0.597  -nan 0.597 1000
0.598  -nan 0.598 1000
0.599  -nan 0.599 1000
0.6  -nan 0.6 1000
0.601  -nan 0.601 1000
0.602  -nan 0.602 1000
0.603  -nan 0.603 1000
0.604  -nan 0.604 1000
0.605  -nan 0.605 1000
0.606  -nan 0.606 1000
0.607  -nan 0.607 1000
0.608  -nan 0.608 1000
0.609  -nan 0.609 1000
0.61  -nan 0.61 1000
0.611  -nan 0.611 1000
0.612  -nan 0.612 1000
0.613  -nan 0.613 1000
0.614  -nan 0.614 1000
0.615  -nan 0.615 1000
0.616  -nan 0.616 1000
0.617  -nan 0.617 1000
0.618  -nan 0.618 1000
0.619  -nan 0.619 1000
0.62  -nan 0.62 1000
0.621  -nan 0.621 1000
0.622  -nan 0.622 1000
0.623  -nan 0.623 1000
0.624  -nan 0.624 1000
0.625  -nan 0.625 1000
0.626  -nan 0.626 1000
0.627  -nan 0.627 1000
0.628  -nan 0.628 1000
0.629  -nan 0.629 1000
0.63  -nan 0.63 1000
0.631  -nan 0.631 1000
0.632  -nan 0.632 1000
0.633  -nan 0.633 1000
0.634  -nan 0.634 1000
0.635  -nan 0.635 1000
0.636  -nan 0.636 1000
0.637  -nan 0.637 1000
0.638  -nan 0.638 1000
0.639  -nan 0.639 1000
0.64  -nan 0.64 1000
0.641  -nan 0.641 1000
0.642  -nan 0.642 1000
0.643  -nan 0.643 1000
0.644  -nan 0.644 1000
0.645  -nan 0.645 1000
0.646  -nan 0.646 1000
0.647  -nan 0.647 1000
0.648  -nan 0.648 1000
0.649  -nan 0.649 1000
0.65  -nan 0.65 1000
0.651  -nan 0.651 1000
0.652  -nan 0.652 1000
0.653  -nan 0.653 1000
0.654  -nan 0.654 1000
0.655  -nan 0.655 1000
0.656  -nan 0.656 1000
0.657  -nan 0.657 1000
0.658  -nan 0.658 1000
0.659  -nan 0.659 1000
0.66  -nan 0.66 1000
0.661  -nan 0.661 1000
0.662  -nan 0.662 1000
0.663  -nan 0.663 1000
0.664  -nan 0.664 1000
0.665  -nan 0.665 1000
0.666  -nan 0.666 1000
0.667  -nan 0.667 1000
0.668  -nan 0.668 1000
0.669  -nan 0.669 1000
0.67  -nan 0.67 1000
0.671  -nan 0.671 1000
0.672  -nan 0.672 1000
0.673  -nan 0.673 1000
0.674  -nan 0.674 1000
0.675  -nan 0.675 1000
0.676  -nan 0.676 1000
0.677  -nan 0.677 1000
0.678  -nan 0.678 1000
0.679  -nan 0.679 1000
0.68  -nan 0.68 1000
0.681  -nan 0.681 1000
0.682  -nan 0.682 1000
0.683  -nan 0.683 1000
0.684  -nan 0.684 1000
0.685  -nan 0.685 1000
0.686  -nan 0.686 1000
0.687  -nan 0.687 1000
0.688  -nan 0.688 1000
0.689  -nan 0.689 1000
0.69  -nan 0.69 1000
0.691  -nan 0.691 1000
0.692  -nan 0.692 1000
0.693  -nan 0.693 1000
0.694  -nan 0.694 1000
0.695  -nan 0.695 1000
0.696  -nan 0.696 1000
0.697  -nan 0.697 1000
0.698  -nan 0.698 1000
0.699  -nan 0.699 1000
0.7  -nan 0.7 1000
0.701  -nan 0.701 1000
0.702  -nan 0.702 1000
0.703  -nan 0.703 1000
0.704  -nan 0.704 1000
0.705  -nan 0.705 1000
0.706  -nan 0.706 1000
0.707  -nan 0.707 1000
0.708  -nan 0.708 1000
0.709  -nan 0.709 1000
0.71  -nan 0.71 1000
0.711  -nan 0.711 1000
0.712  -nan 0.712 1000
0.713  -nan 0.713 1000
0.714  -nan 0.714 1000
0.715  -nan 0.715 1000
0.716  -nan 0.716 1000
0.717  -nan 0.717 1000
0.718  -nan 0.718 1000
0.719  -nan 0.719 1000
0.72  -nan 0.72 1000
0.721  -nan 0.721 1000
0.722  -nan 0.722 1000
0.723  -nan 0.723 1000
0.724  -nan 0.724 1000
0.725  -nan 0.725 1000
0.726  -nan 0.726 1000
0.727  -nan 0.727 1000
0.728  -nan 0.728 1000
0.729  -nan 0.729 1000
0.73  -nan 0.73 1000
0.731  -nan 0.731 1000
0.732  -nan 0.732 1000
0.733  -nan 0.733 1000
0.734  -nan 0.734 1000
0.735  -nan 0.735 1000
0.736  -nan 0.736 1000
0.737  -nan 0.737 1000
0.738  -nan 0.738 1000
0.739  -nan 0.739 1000
0.74  -nan 0.74 1000
0.741  -nan 0.741 1000
0.742  -nan 0.742 1000
0.743  -nan 0.743 1000
0.744  -nan 0.744 1000
0.745  -nan 0.745 1000
0.746  -nan 0.746 1000
0.747  -nan 0.747 1000
0.748  -nan 0.748 1000
0.749  -nan 0.749 1000
0.75  -nan 0.75 1000
0.751  -nan 0.751 1000
0.752  -nan 0.752 1000
0.753  -nan 0.753 1000
0.754  -nan 0.754 1000
0.755  -nan 0.755 1000
0.756  -nan 0.756 1000
0.757  -nan 0.757 1000
0.758  -nan 0.758 1000
0.759  -nan 0.759 1000
0.76  -nan 0.76 1000
0.761  -nan 0.761 1000
0.762  -nan 0.762 1000
0.763  -nan 0.763 1000
0.764  -nan 0.764 1000
0.765  -nan 0.765 1000
0.766  -nan 0.766 1000
0.767  -nan 0.767 1000
0.768  -nan 0.768 1000
0.769  -nan 0.769 1000
0.77  -nan 0.77 1000
0.771  -nan 0.771 1000
0.772  -nan 0.772 1000
0.773  -nan 0.773 1000
0.774  -nan 0.774 1000
0.775  -nan 0.775 1000
0.776  -nan 0.776 1000
0.777  -nan 0.777 1000
0.778  -nan 0.778 1000
0.779  -nan 0.779 1000
0.78  -nan 0.78 1000
0.781  -nan 0.781 1000
0.782  -nan 0.782 1000
0.783  -nan 0.783 1000
0.784  -nan 0.784 1000
0.785  -nan 0.785 1000
0.786  -nan 0.786 1000
0.787  -nan 0.787 1000
0.788  -nan 0.788 1000
0.789  -nan 0.789 1000
0.79  -nan 0.79 1000
0.791  -nan 0.791 1000
0.792  -nan 0.792 1000
0.793  -nan 0.793 1000
0.794  -nan 0.794 1000
0.795  -nan 0.795 1000
0.796  -nan 0.796 1000
0.797  -nan 0.797 1000
0.798  -nan 0.798 1000
0.799  -nan 0.799 1000
0.8  -nan 0.8 1000
0.801  -nan 0.801 1000
0.802  -nan 0.802 1000
0.803  -nan 0.803 1000
0.804  -nan 0.804 1000
0.805  -nan 0.805 1000
0.806  -nan 0.806 1000
0.807  -nan 0.807 1000
0.808  -nan 0.808 1000
0.809  -nan 0.809 1000
0.81  -nan 0.81 1000
0.811  -nan 0.811 1000
0.812  -nan 0.812 1000
0.813  -nan 0.813 1000
0.814  -nan 0.814 1000
0.815  -nan 0.815 1000
0.816  -nan 0.816 1000
0.817  -nan 0.817 1000
0.818  -nan 0.818 1000
0.819  -nan 0.819 1000
0.82  -nan 0.82 1000
0.821  -nan 0.821 1000
0.822  -nan 0.822 1000
0.823  -nan 0.823 1000
0.824  -nan 0.824 1000
0.825  -nan 0.825 1000
0.826  -nan 0.826 1000
0.827  -nan 0.827 1000
0.828  -nan 0.828 1000
0.829  -nan 0.829 1000
0.83  -nan 0.83 1000
0.831  -nan 0.831 1000
0.832  -nan 0.832 1000
0.833  -nan 0.833 1000
0.834  -nan 0.834 1000
0.835  -nan 0.835 1000
0.836  -nan 0.836 1000
0.837  -nan 0.837 1000
0.838  -nan 0.838 1000
0.839  -nan 0.839 1000
0.84  -nan 0.84 1000
0.841  -nan 0.841 1000
0.842  -nan 0.842 1000
0.843  -nan 0.843 1000
0.844  -nan 0.844 1000
0.845  -nan 0.845 1000
0.846  -nan 0.846 1000
0.847  -nan 0.847 1000
0.848  -nan 0.848 1000
0.849  -nan 0.849 1000
0.85  -nan 0.85 1000
0.851  -nan 0.851 1000
0.852  -nan 0.852 1000
0.853  -nan 0.853 1000
0.854  -nan 0.854 1000
0.855  -nan 0.855 1000
0.856  -nan 0.856 1000
0.857  -nan 0.857 1000
0.858  -nan 0.858 1000
0.859  -nan 0.859 1000
0.86  -nan 0.86 1000
0.861  -nan 0.861 1000
0.862  -nan 0.862 1000
0.863  -nan 0.863 1000
0.864  -nan 0.864 1000
0.865  -nan 0.865 1000
0.866  -nan 0.866 1000
0.867  -nan 0.867 1000
0.868  -nan 0.868 1000
0.869  -nan 0.869 1000
0.87  -nan 0.87 1000
0.871  -nan 0.871 1000
0.872  -nan 0.872 1000
0.873  -nan 0.873 1000
0.874  -nan 0.874 1000
0.875  -nan 0.875 1000
0.876  -nan 0.876 1000
0.877  -nan 0.877 1000
0.878  -nan 0.878 1000
0.879  -nan 0.879 1000
0.88  -nan 0.88 1000
0.881  -nan 0.881 1000
0.882  -nan 0.882 1000
0.883  -nan 0.883 1000
0.884  -nan 0.884 1000
0.885  -nan 0.885 1000
0.886  -nan 0.886 1000
0.887  -nan 0.887 1000
0.888  -nan 0.888 1000
0.889  -nan 0.889 1000
0.89  -nan 0.89 1000
0.891  -nan 0.891 1000
0.892  -nan 0.892 1000
0.893  -nan 0.893 1000
0.894  -nan 0.894 1000
0.895  -nan 0.895 1000
0.896  -nan 0.896 1000
0.897  -nan 0.897 1000
0.898  -nan 0.898 1000
0.899  -nan 0.899 1000
0.9  -nan 0.9 1000
0.901  -nan 0.901 1000
0.902  -nan 0.902 1000
0.903  -nan 0.903 1000
0.904  -nan 0.904 1000
0.905  -nan 0.905 1000
0.906  -nan 0.906 1000
0.907  -nan 0.907 1000
0.908  -nan 0.908 1000
0.909  -nan 0.909 1000
0.91  -nan 0.91 1000
0.911  -nan 0.911 1000
0.912  -nan 0.912 1000
0.913  -nan 0.913 1000
0.914  -nan 0.914 1000
0.915  -nan 0.915 1000
0.916  -nan 0.916 1000
0.917  -nan 0.917 1000
0.918  -nan 0.918 1000
0.919  -nan 0.919 1000
0.92  -nan 0.92 1000
0.921  -nan 0.921 1000
0.922  -nan 0.922 1000
0.923  -nan 0.923 1000
0.924  -nan 0.924 1000
0.925  -nan 0.925 1000
0.926  -nan 0.926 1000
0.927  -nan 0.927 1000
0.928  -nan 0.928 1000
0.929  -nan 0.929 1000
0.93  -nan 0.93 1000
0.931  -nan 0.931 1000
0.932  -nan 0.932 1000
0.933  -nan 0.933 1000
0.934  -nan 0.934 1000
0.935  -nan 0.935 1000
0.936  -nan 0.936 1000
0.937  -nan 0.937 1000
0.938  -nan 0.938 1000
0.939  -nan 0.939 1000
0.94  -nan 0.94 1000
0.941  -nan 0.941 1000
0.942  -nan 0.942 1000
0.943  -nan 0.943 1000
0.944  -nan 0.944 1000
0.945  -nan 0.945 1000
0.946  -nan 0.946 1000
0.947  -nan 0.947 1000
0.948  -nan 0.948 1000
0.949  -nan 0.949 1000
0.95  -nan 0.95 1000
0.951  -nan 0.951 1000
0.952  -nan 0.952 1000
0.953  -nan 0.953 1000
0.954  -nan 0.954 1000
0.955  -nan 0.955 1000
0.956  -nan 0.956 1000
0.957  -nan 0.957 1000
0.958  -nan 0.958 1000
0.959  -nan 0.959 1000
0.96  -nan 0.96 1000
0.961  -nan 0.961 1000
0.962  -nan 0.962 1000
0.963  -nan 0.963 1000
0.964  -nan 0.964 1000
0.965  -nan 0.965 1000
0.966  -nan 0.966 1000
0.967  -nan 0.967 1000
0.968  -nan 0.968 1000
0.969  -nan 0.969 1000
0.97  -nan 0.97 1000
0.971  -nan 0.971 1000
0.972  -nan 0.972 1000
0.973  -nan 0.973 1000
0.974  -nan 0.974 1000
0.975  -nan 0.975 1000
0.976  -nan 0.976 1000
0.977  -nan 0.977 1000
0.978  -nan 0.978 1000
0.979  -nan 0.979 1000
0.98  -nan 0.98 1000
0.981  -nan 0.981 1000
0.982  -nan 0.982 1000
0.983  -nan 0.983 1000
0.984  -nan 0.984 1000
0.985  -nan 0.985 1000
0.986  -nan 0.986 1000
0.987  -nan 0.987 1000
0.988  -nan 0.988 1000
0.989  -nan 0.989 1000
0.99  -nan 0.99 1000
0.991  -nan 0.991 1000
0.992  -nan 0.992 1000
0.993  -nan 0.993 1000
0.994  -nan 0.994 1000
0.995  -nan 0.995 1000
0.996  -nan 0.996 1000
0.997  -nan 0.997 1000
0.998  -nan 0.998 1000
0.999  -nan 0.999 1000
1  -nan 1 1000
