0  0 0 3000
0.000333333  -2.22679 0.000333333 3000
0.000666667  -9.40804 0.000666667 3000
0.001  -32.5292 0.001 3000
0.00133333  -106.988 0.00133333 3000
0.00166667  -346.844 0.00166667 3000
0.002  -1119.63 0.002 3000
0.00233333  -3609.59 0.00233333 3000
0.00266667  -11632.7 0.00266667 3000
0.003  -37484.6 0.003 3000
0.00333333  -120785 0.00333333 3000
0.00366667  -389198 0.00366667 3000
0.004  -1.25408e+06 0.004 3000
0.00433333  -4.04094e+06 0.00433333 3000
0.00466667  -1.30208e+07 0.00466667 3000
0.005  -4.19559e+07 0.005 3000
0.00533333  -1.35191e+08 0.00533333 3000
0.00566667  -4.35616e+08 0.00566667 3000
0.006  -1.40365e+09 0.006 3000
0.00633333  -4.52288e+09 0.00633333 3000
0.00666667  -1.45737e+10 0.00666667 3000
0.007  -4.69598e+10 0.007 3000
0.00733333  -1.51315e+11 0.00733333 3000
0.00766667  -4.8757e+11 0.00766667 3000
0.008  -1.57106e+12 0.008 3000
0.00833333  -5.0623e+12 0.00833333 3000
0.00866667  -1.63119e+13 0.00866667 3000
0.009  -5.25605e+13 0.009 3000
0.00933333  -1.69361e+14 0.00933333 3000
0.00966667  -5.4572e+14 0.00966667 3000
0.01  -1.75843e+15 0.01 3000
0.0103333  -5.66606e+15 0.0103333 3000
0.0106667  -1.82573e+16 0.0106667 3000
0.011  -5.88291e+16 0.011 3000
0.0113333  -1.8956e+17 0.0113333 3000
0.0116667  -6.10806e+17 0.0116667 3000
0.012  -1.96815e+18 0.012 3000
0.0123333  -6.34182e+18 0.0123333 3000
0.0126667  -2.04348e+19 0.0126667 3000
0.013  -6.58453e+19 0.013 3000
0.0133333  -2.12168e+20 0.0133333 3000
0.0136667  -6.83653e+20 0.0136667 3000
0.014  -2.20288e+21 0.014 3000
0.0143333  -7.09818e+21 0.0143333 3000
0.0146667  -2.28719e+22 0.0146667 3000
0.015  -7.36984e+22 0.015 3000
0.0153333  -2.37473e+23 0.0153333 3000
0.0156667  -7.65189e+23 0.0156667 3000
0.016  -2.46561e+24 0.016 3000
0.0163333  -7.94474e+24 0.0163333 3000
0.0166667  -2.55997e+25 0.0166667 3000
0.017  -8.2488e+25 0.017 3000
0.0173333  -2.65795e+26 0.0173333 3000
0.0176667  -8.5645e+26 0.0176667 3000
0.018  -2.75967e+27 0.018 3000
0.0183333  -8.89227e+27 0.0183333 3000
0.0186667  -2.86529e+28 0.0186667 3000
0.019  -9.2326e+28 0.019 3000
0.0193333  -2.97495e+29 0.0193333 3000
0.0196667  -9.58594e+29 0.0196667 3000
0.02  -3.0888e+30 0.02 3000
0.0203333  -9.95281e+30 0.0203333 3000
0.0206667  -3.20702e+31 0.0206667 3000
0.021  -1.03337e+32 0.021 3000
0.0213333  -3.32975e+32 0.0213333 3000
0.0216667  -1.07292e+33 0.0216667 3000
0.022  -3.45719e+33 0.022 3000
0.0223333  -1.11398e+34 0.0223333 3000
0.0226667  -3.5895e+34 0.0226667 3000
0.023  -1.15662e+35 0.023 3000
0.0233333  -3.72688e+35 0.0233333 3000
0.0236667  -1.20088e+36 0.0236667 3000
0.024  -3.86951e+36 0.024 3000
0.0243333  -1.24684e+37 0.0243333 3000
0.0246667  -4.0176e+37 0.0246667 3000
0.025  -1.29456e+38 0.025 3000
0.0253333  -4.17136e+38 0.0253333 3000
0.0256667  -1.34411e+39 0.0256667 3000
0.026  -4.33101e+39 0.026 3000
0.0263333  -1.39555e+40 0.0263333 3000
0.0266667  -4.49676e+40 0.0266667 3000
0.027  -1.44896e+41 0.027 3000
0.0273333  -4.66886e+41 0.0273333 3000
0.0276667  -1.50441e+42 0.0276667 3000
0.028  -4.84755e+42 0.028 3000
0.0283333  -1.56199e+43 0.0283333 3000
0.0286667  -5.03307e+43 0.0286667 3000
0.029  -1.62177e+44 0.029 3000
0.0293333  -5.22569e+44 0.0293333 3000
0.0296667  -1.68383e+45 0.0296667 3000
0.03  -5.42569e+45 0.03 3000
0.0303333  -1.74828e+46 0.0303333 3000
0.0306667  -5.63334e+46 0.0306667 3000
0.031  -1.81519e+47 0.031 3000
0.0313333  -5.84894e+47 0.0313333 3000
0.0316667  -1.88466e+48 0.0316667 3000
0.032  -6.07278e+48 0.032 3000
0.0323333  -1.95679e+49 0.0323333 3000
0.0326667  -6.3052e+49 0.0326667 3000
0.033  -2.03168e+50 0.033 3000
0.0333333  -6.54651e+50 0.0333333 3000
0.0336667  -2.10943e+51 0.0336667 3000
0.034  -6.79706e+51 0.034 3000
0.0343333  -2.19016e+52 0.0343333 3000
0.0346667  -7.05719e+52 0.0346667 3000
0.035  -2.27398e+53 0.035 3000
0.0353333  -7.32728e+53 0.0353333 3000
0.0356667  -2.36101e+54 0.0356667 3000
0.036  -7.60771e+54 0.036 3000
0.0363333  -2.45137e+55 0.0363333 3000
0.0366667  -7.89887e+55 0.0366667 3000
0.037  -2.54519e+56 0.037 3000
0.0373333  -8.20117e+56 0.0373333 3000
0.0376667  -2.6426e+57 0.0376667 3000
0.038  -8.51504e+57 0.038 3000
0.0383333  -2.74374e+58 0.0383333 3000
0.0386667  -8.84092e+58 0.0386667 3000
0.039  -2.84874e+59 0.039 3000
0.0393333  -9.17928e+59 0.0393333 3000
0.0396667  -2.95777e+60 0.0396667 3000
0.04  -9.53059e+60 0.04 3000
0.0403333  -3.07097e+61 0.0403333 3000
0.0406667  -9.89534e+61 0.0406667 3000
0.041  -3.1885e+62 0.041 3000
0.0413333  -1.0274e+63 0.0413333 3000
0.0416667  -3.31053e+63 0.0416667 3000
0.042  -1.06673e+64 0.042 3000
0.0423333  -3.43723e+64 0.0423333 3000
0.0426667  -1.10755e+65 0.0426667 3000
0.043  -3.56877e+65 0.043 3000
0.0433333  -1.14994e+66 0.0433333 3000
0.0436667  -3.70536e+66 0.0436667 3000
0.044  -1.19395e+67 0.044 3000
0.0443333  -3.84717e+67 0.0443333 3000
0.0446667  -1.23964e+68 0.0446667 3000
0.045  -3.9944e+68 0.045 3000
0.0453333  -1.28709e+69 0.0453333 3000
0.0456667  -4.14728e+69 0.0456667 3000
0.046  -1.33634e+70 0.046 3000
0.0463333  -4.306e+70 0.0463333 3000
0.0466667  -1.38749e+71 0.0466667 3000
0.047  -4.4708e+71 0.047 3000
0.0473333  -1.44059e+72 0.0473333 3000
0.0476667  -4.6419e+72 0.0476667 3000
0.048  -1.49572e+73 0.048 3000
0.0483333  -4.81955e+73 0.0483333 3000
0.0486667  -1.55297e+74 0.0486667 3000
0.049  -5.00401e+74 0.049 3000
0.0493333  -1.6124e+75 0.0493333 3000
0.0496667  -5.19552e+75 0.0496667 3000
0.05  -1.67411e+76 0.05 3000
0.0503333  -5.39436e+76 0.0503333 3000
0.0506667  -1.73818e+77 0.0506667 3000
0.051  -5.60081e+77 0.051 3000
0.0513333  -1.8047e+78 0.0513333 3000
0.0516667  -5.81516e+78 0.0516667 3000
0.052  -1.87377e+79 0.052 3000
0.0523333  -6.03772e+79 0.0523333 3000
0.0526667  -1.94549e+80 0.0526667 3000
0.053  -6.26879e+80 0.053 3000
0.0533333  -2.01994e+81 0.0533333 3000
0.0536667  -6.50871e+81 0.0536667 3000
0.054  -2.09725e+82 0.054 3000
0.0543333  -6.7578e+82 0.0543333 3000
0.0546667  -2.17751e+83 0.0546667 3000
0.055  -7.01644e+83 0.055 3000
0.0553333  -2.26085e+84 0.0553333 3000
0.0556667  -7.28497e+84 0.0556667 3000
0.056  -2.34738e+85 0.056 3000
0.0563333  -7.56377e+85 0.0563333 3000
0.0566667  -2.43722e+86 0.0566667 3000
0.057  -7.85325e+86 0.057 3000
0.0573333  -2.53049e+87 0.0573333 3000
0.0576667  -8.15381e+87 0.0576667 3000
0.058  -2.62734e+88 0.058 3000
0.0583333  -8.46587e+88 0.0583333 3000
0.0586667  -2.72789e+89 0.0586667 3000
0.059  -8.78987e+89 0.059 3000
0.0593333  -2.83229e+90 0.0593333 3000
0.0596667  -9.12627e+90 0.0596667 3000
0.06  -2.94069e+91 0.06 3000
0.0603333  -9.47555e+91 0.0603333 3000
0.0606667  -3.05323e+92 0.0606667 3000
0.061  -9.83819e+92 0.061 3000
0.0613333  -3.17008e+93 0.0613333 3000
0.0616667  -1.02147e+94 0.0616667 3000
0.062  -3.29141e+94 0.062 3000
0.0623333  -1.06057e+95 0.0623333 3000
0.0626667  -3.41738e+95 0.0626667 3000
0.063  -1.10115e+96 0.063 3000
0.0633333  -3.54816e+96 0.0633333 3000
0.0636667  -1.1433e+97 0.0636667 3000
0.064  -3.68396e+97 0.064 3000
0.0643333  -1.18705e+98 0.0643333 3000
0.0646667  -3.82495e+98 0.0646667 3000
0.065  -1.23248e+99 0.065 3000
0.0653333  -3.97134e+99 0.0653333 3000
0.0656667  -1.27965e+100 0.0656667 3000
0.066  -4.12333e+100 0.066 3000
0.0663333  -1.32863e+101 0.0663333 3000
0.0666667  -4.28113e+101 0.0666667 3000
0.067  -1.37948e+102 0.067 3000
0.0673333  -4.44498e+102 0.0673333 3000
0.0676667  -1.43227e+103 0.0676667 3000
0.068  -4.61509e+103 0.068 3000
0.0683333  -1.48709e+104 0.0683333 3000
0.0686667  -4.79172e+104 0.0686667 3000
0.069  -1.544e+105 0.069 3000
0.0693333  -4.97511e+105 0.0693333 3000
0.0696667  -1.60309e+106 0.0696667 3000
0.07  -5.16551e+106 0.07 3000
0.0703333  -1.66444e+107 0.0703333 3000
0.0706667  -5.36321e+107 0.0706667 3000
0.071  -1.72814e+108 0.071 3000
0.0713333  -5.56847e+108 0.0713333 3000
0.0716667  -1.79428e+109 0.0716667 3000
0.072  -5.78158e+109 0.072 3000
0.0723333  -1.86295e+110 0.0723333 3000
0.0726667  -6.00285e+110 0.0726667 3000
0.073  -1.93425e+111 0.073 3000
0.0733333  -6.23259e+111 0.0733333 3000
0.0736667  -2.00828e+112 0.0736667 3000
0.074  -6.47112e+112 0.074 3000
0.0743333  -2.08514e+113 0.0743333 3000
0.0746667  -6.71878e+113 0.0746667 3000
0.075  -2.16494e+114 0.075 3000
0.0753333  -6.97592e+114 0.0753333 3000
0.0756667  -2.2478e+115 0.0756667 3000
0.076  -7.2429e+115 0.076 3000
0.0763333  -2.33382e+116 0.0763333 3000
0.0766667  -7.5201e+116 0.0766667 3000
0.077  -2.42314e+117 0.077 3000
0.0773333  -7.8079e+117 0.0773333 3000
0.0776667  -2.51588e+118 0.0776667 3000
0.078  -8.10672e+118 0.078 3000
0.0783333  -2.61217e+119 0.0783333 3000
0.0786667  -8.41698e+119 0.0786667 3000
0.079  -2.71214e+120 0.079 3000
0.0793333  -8.73911e+120 0.0793333 3000
0.0796667  -2.81594e+121 0.0796667 3000
0.08  -9.07357e+121 0.08 3000
0.0803333  -2.92371e+122 0.0803333 3000
0.0806667  -9.42083e+122 0.0806667 3000
0.081  -3.0356e+123 0.081 3000
0.0813333  -9.78138e+123 0.0813333 3000
0.0816667  -3.15178e+124 0.0816667 3000
0.082  -1.01557e+125 0.082 3000
0.0823333  -3.2724e+125 0.0823333 3000
0.0826667  -1.05444e+126 0.0826667 3000
0.083  -3.39764e+126 0.083 3000
0.0833333  -1.0948e+127 0.0833333 3000
0.0836667  -3.52768e+127 0.0836667 3000
0.084  -1.1367e+128 0.084 3000
0.0843333  -3.66269e+128 0.0843333 3000
0.0846667  -1.1802e+129 0.0846667 3000
0.085  -3.80286e+129 0.085 3000
0.0853333  -1.22537e+130 0.0853333 3000
0.0856667  -3.9484e+130 0.0856667 3000
0.086  -1.27226e+131 0.086 3000
0.0863333  -4.09952e+131 0.0863333 3000
0.0866667  -1.32095e+132 0.0866667 3000
0.087  -4.25641e+132 0.087 3000
0.0873333  -1.37151e+133 0.0873333 3000
0.0876667  -4.41931e+133 0.0876667 3000
0.088  -1.424e+134 0.088 3000
0.0883333  -4.58844e+134 0.0883333 3000
0.0886667  -1.4785e+135 0.0886667 3000
0.089  -4.76405e+135 0.089 3000
0.0893333  -1.53508e+136 0.0893333 3000
0.0896667  -4.94638e+136 0.0896667 3000
0.09  -1.59383e+137 0.09 3000
0.0903333  -5.13568e+137 0.0903333 3000
0.0906667  -1.65483e+138 0.0906667 3000
0.091  -5.33224e+138 0.091 3000
0.0913333  -1.71816e+139 0.0913333 3000
0.0916667  -5.53631e+139 0.0916667 3000
0.092  -1.78392e+140 0.092 3000
0.0923333  -5.74819e+140 0.0923333 3000
0.0926667  -1.8522e+141 0.0926667 3000
0.093  -5.96818e+141 0.093 3000
0.0933333  -1.92308e+142 0.0933333 3000
0.0936667  -6.1966e+142 0.0936667 3000
0.094  -1.99668e+143 0.094 3000
0.0943333  -6.43375e+143 0.0943333 3000
0.0946667  -2.0731e+144 0.0946667 3000
0.095  -6.67998e+144 0.095 3000
0.0953333  -2.15244e+145 0.0953333 3000
0.0956667  -6.93563e+145 0.0956667 3000
0.096  -2.23482e+146 0.096 3000
0.0963333  -7.20107e+146 0.0963333 3000
0.0966667  -2.32035e+147 0.0966667 3000
0.097  -7.47667e+147 0.097 3000
0.0973333  -2.40915e+148 0.0973333 3000
0.0976667  -7.76281e+148 0.0976667 3000
0.098  -2.50135e+149 0.098 3000
0.0983333  -8.05991e+149 0.0983333 3000
0.0986667  -2.59708e+150 0.0986667 3000
0.099  -8.36837e+150 0.099 3000
0.0993333  -2.69648e+151 0.0993333 3000
0.0996667  -8.68864e+151 0.0996667 3000
0.1  -2.79967e+152 0.1 3000
0.100333  -9.02117e+152 0.100333 3000
0.100667  -2.90682e+153 0.100667 3000
0.101  -9.36643e+153 0.101 3000
0.101333  -3.01807e+154 0.101333 3000
0.101667  -9.7249e+154 0.101667 3000
0.102  -3.13358e+155 0.102 3000
0.102333  -1.00971e+156 0.102333 3000
0.102667  -3.2535e+156 0.102667 3000
0.103  -1.04835e+157 0.103 3000
0.103333  -3.37802e+157 0.103333 3000
0.103667  -1.08847e+158 0.103667 3000
0.104  -3.5073e+158 0.104 3000
0.104333  -1.13013e+159 0.104333 3000
0.104667  -3.64153e+159 0.104667 3000
0.105  -1.17338e+160 0.105 3000
0.105333  -3.7809e+160 0.105333 3000
0.105667  -1.21829e+161 0.105667 3000
0.106  -3.9256e+161 0.106 3000
0.106333  -1.26492e+162 0.106333 3000
0.106667  -4.07584e+162 0.106667 3000
0.107  -1.31333e+163 0.107 3000
0.107333  -4.23183e+163 0.107333 3000
0.107667  -1.36359e+164 0.107667 3000
0.108  -4.39379e+164 0.108 3000
0.108333  -1.41578e+165 0.108333 3000
0.108667  -4.56195e+165 0.108667 3000
0.109  -1.46996e+166 0.109 3000
0.109333  -4.73654e+166 0.109333 3000
0.109667  -1.52622e+167 0.109667 3000
0.11  -4.91782e+167 0.11 3000
0.110333  -1.58463e+168 0.110333 3000
0.110667  -5.10603e+168 0.110667 3000
0.111  -1.64528e+169 0.111 3000
0.111333  -5.30144e+169 0.111333 3000
0.111667  -1.70824e+170 0.111667 3000
0.112  -5.50434e+170 0.112 3000
0.112333  -1.77362e+171 0.112333 3000
0.112667  -5.715e+171 0.112667 3000
0.113  -1.8415e+172 0.113 3000
0.113333  -5.93372e+172 0.113333 3000
0.113667  -1.91198e+173 0.113667 3000
0.114  -6.16081e+173 0.114 3000
0.114333  -1.98515e+174 0.114333 3000
0.114667  -6.3966e+174 0.114667 3000
0.115  -2.06113e+175 0.115 3000
0.115333  -6.64141e+175 0.115333 3000
0.115667  -2.14001e+176 0.115667 3000
0.116  -6.89558e+176 0.116 3000
0.116333  -2.22191e+177 0.116333 3000
0.116667  -7.15949e+177 0.116667 3000
0.117  -2.30695e+178 0.117 3000
0.117333  -7.43349e+178 0.117333 3000
0.117667  -2.39524e+179 0.117667 3000
0.118  -7.71798e+179 0.118 3000
0.118333  -2.48691e+180 0.118333 3000
0.118667  -8.01336e+180 0.118667 3000
0.119  -2.58208e+181 0.119 3000
0.119333  -8.32005e+181 0.119333 3000
0.119667  -2.6809e+182 0.119667 3000
0.12  -8.63847e+182 0.12 3000
0.120333  -2.78351e+183 0.120333 3000
0.120667  -8.96908e+183 0.120667 3000
0.121  -2.89004e+184 0.121 3000
0.121333  -9.31234e+184 0.121333 3000
0.121667  -3.00064e+185 0.121667 3000
0.122  -9.66874e+185 0.122 3000
0.122333  -3.11548e+186 0.122333 3000
0.122667  -1.00388e+187 0.122667 3000
0.123  -3.23472e+187 0.123 3000
0.123333  -1.0423e+188 0.123333 3000
0.123667  -3.35851e+188 0.123667 3000
0.124  -1.08219e+189 0.124 3000
0.124333  -3.48705e+189 0.124333 3000
0.124667  -1.12361e+190 0.124667 3000
0.125  -3.62051e+190 0.125 3000
0.125333  -1.16661e+191 0.125333 3000
0.125667  -3.75907e+191 0.125667 3000
0.126  -1.21126e+192 0.126 3000
0.126333  -3.90293e+192 0.126333 3000
0.126667  -1.25761e+193 0.126667 3000
0.127  -4.0523e+193 0.127 3000
0.127333  -1.30574e+194 0.127333 3000
0.127667  -4.20739e+194 0.127667 3000
0.128  -1.35572e+195 0.128 3000
0.128333  -4.36842e+195 0.128333 3000
0.128667  -1.4076e+196 0.128667 3000
0.129  -4.5356e+196 0.129 3000
0.129333  -1.46147e+197 0.129333 3000
0.129667  -4.70919e+197 0.129667 3000
0.13  -1.5174e+198 0.13 3000
0.130333  -4.88942e+198 0.130333 3000
0.130667  -1.57548e+199 0.130667 3000
0.131  -5.07654e+199 0.131 3000
0.131333  -1.63577e+200 0.131333 3000
0.131667  -5.27083e+200 0.131667 3000
0.132  -1.69838e+201 0.132 3000
0.132333  -5.47255e+201 0.132333 3000
0.132667  -1.76338e+202 0.132667 3000
0.133  -5.682e+202 0.133 3000
0.133333  -1.83087e+203 0.133333 3000
0.133667  -5.89945e+203 0.133667 3000
0.134  -1.90094e+204 0.134 3000
0.134333  -6.12524e+204 0.134333 3000
0.134667  -1.97369e+205 0.134667 3000
0.135  -6.35966e+205 0.135 3000
0.135333  -2.04922e+206 0.135333 3000
0.135667  -6.60305e+206 0.135667 3000
0.136  -2.12765e+207 0.136 3000
0.136333  -6.85576e+207 0.136333 3000
0.136667  -2.20908e+208 0.136667 3000
0.137  -7.11814e+208 0.137 3000
0.137333  -2.29362e+209 0.137333 3000
0.137667  -7.39057e+209 0.137667 3000
0.138  -2.3814e+210 0.138 3000
0.138333  -7.67342e+210 0.138333 3000
0.138667  -2.47254e+211 0.138667 3000
0.139  -7.96709e+211 0.139 3000
0.139333  -2.56717e+212 0.139333 3000
0.139667  -8.272e+212 0.139667 3000
0.14  -2.66542e+213 0.14 3000
0.140333  -8.58859e+213 0.140333 3000
0.140667  -2.76743e+214 0.140667 3000
0.141  -8.91728e+214 0.141 3000
0.141333  -2.87335e+215 0.141333 3000
0.141667  -9.25856e+215 0.141667 3000
0.142  -2.98331e+216 0.142 3000
0.142333  -9.6129e+216 0.142333 3000
0.142667  -3.09749e+217 0.142667 3000
0.143  -9.9808e+217 0.143 3000
0.143333  -3.21604e+218 0.143333 3000
0.143667  -1.03628e+219 0.143667 3000
0.144  -3.33912e+219 0.144 3000
0.144333  -1.07594e+220 0.144333 3000
0.144667  -3.46691e+220 0.144667 3000
0.145  -1.11712e+221 0.145 3000
0.145333  -3.5996e+221 0.145333 3000
0.145667  -1.15987e+222 0.145667 3000
0.146  -3.73736e+222 0.146 3000
0.146333  -1.20426e+223 0.146333 3000
0.146667  -3.88039e+223 0.146667 3000
0.147  -1.25035e+224 0.147 3000
0.147333  -4.0289e+224 0.147333 3000
0.147667  -1.2982e+225 0.147667 3000
0.148  -4.1831e+225 0.148 3000
0.148333  -1.34789e+226 0.148333 3000
0.148667  -4.34319e+226 0.148667 3000
0.149  -1.39947e+227 0.149 3000
0.149333  -4.50941e+227 0.149333 3000
0.149667  -1.45303e+228 0.149667 3000
0.15  -4.68199e+228 0.15 3000
0.150333  -1.50864e+229 0.150333 3000
0.150667  -4.86118e+229 0.150667 3000
0.151  -1.56638e+230 0.151 3000
0.151333  -5.04723e+230 0.151333 3000
0.151667  -1.62633e+231 0.151667 3000
0.152  -5.24039e+231 0.152 3000
0.152333  -1.68857e+232 0.152333 3000
0.152667  -5.44095e+232 0.152667 3000
0.153  -1.75319e+233 0.153 3000
0.153333  -5.64918e+233 0.153333 3000
0.153667  -1.82029e+234 0.153667 3000
0.154  -5.86539e+234 0.154 3000
0.154333  -1.88996e+235 0.154333 3000
0.154667  -6.08986e+235 0.154667 3000
0.155  -1.96229e+236 0.155 3000
0.155333  -6.32293e+236 0.155333 3000
0.155667  -2.03739e+237 0.155667 3000
0.156  -6.56492e+237 0.156 3000
0.156333  -2.11536e+238 0.156333 3000
0.156667  -6.81617e+238 0.156667 3000
0.157  -2.19632e+239 0.157 3000
0.157333  -7.07704e+239 0.157333 3000
0.157667  -2.28038e+240 0.157667 3000
0.158  -7.34789e+240 0.158 3000
0.158333  -2.36765e+241 0.158333 3000
0.158667  -7.6291e+241 0.158667 3000
0.159  -2.45827e+242 0.159 3000
0.159333  -7.92108e+242 0.159333 3000
0.159667  -2.55235e+243 0.159667 3000
0.16  -8.22423e+243 0.16 3000
0.160333  -2.65003e+244 0.160333 3000
0.160667  -8.53899e+244 0.160667 3000
0.161  -2.75145e+245 0.161 3000
0.161333  -8.86579e+245 0.161333 3000
0.161667  -2.85675e+246 0.161667 3000
0.162  -9.2051e+246 0.162 3000
0.162333  -2.96609e+247 0.162333 3000
0.162667  -9.55739e+247 0.162667 3000
0.163  -3.0796e+248 0.163 3000
0.163333  -9.92317e+248 0.163333 3000
0.163667  -3.19747e+249 0.163667 3000
0.164  -1.03029e+250 0.164 3000
0.164333  -3.31984e+250 0.164333 3000
0.164667  -1.06973e+251 0.164667 3000
0.165  -3.44689e+251 0.165 3000
0.165333  -1.11067e+252 0.165333 3000
0.165667  -3.57881e+252 0.165667 3000
0.166  -1.15317e+253 0.166 3000
0.166333  -3.71578e+253 0.166333 3000
0.166667  -1.19731e+254 0.166667 3000
0.167  -3.85799e+254 0.167 3000
0.167333  -1.24313e+255 0.167333 3000
0.167667  -4.00564e+255 0.167667 3000
0.168  -1.29071e+256 0.168 3000
0.168333  -4.15894e+256 0.168333 3000
0.168667  -1.3401e+257 0.168667 3000
0.169  -4.31811e+257 0.169 3000
0.169333  -1.39139e+258 0.169333 3000
0.169667  -4.48337e+258 0.169667 3000
0.17  -1.44464e+259 0.17 3000
0.170333  -4.65496e+259 0.170333 3000
0.170667  -1.49993e+260 0.170667 3000
0.171  -4.83311e+260 0.171 3000
0.171333  -1.55734e+261 0.171333 3000
0.171667  -5.01808e+261 0.171667 3000
0.172  -1.61694e+262 0.172 3000
0.172333  -5.21013e+262 0.172333 3000
0.172667  -1.67882e+263 0.172667 3000
0.173  -5.40953e+263 0.173 3000
0.173333  -1.74307e+264 0.173333 3000
0.173667  -5.61656e+264 0.173667 3000
0.174  -1.80978e+265 0.174 3000
0.174333  -5.83152e+265 0.174333 3000
0.174667  -1.87904e+266 0.174667 3000
0.175  -6.0547e+266 0.175 3000
0.175333  -1.95096e+267 0.175333 3000
0.175667  -6.28642e+267 0.175667 3000
0.176  -2.02562e+268 0.176 3000
0.176333  -6.52701e+268 0.176333 3000
0.176667  -2.10315e+269 0.176667 3000
0.177  -6.77681e+269 0.177 3000
0.177333  -2.18364e+270 0.177333 3000
0.177667  -7.03617e+270 0.177667 3000
0.178  -2.26721e+271 0.178 3000
0.178333  -7.30546e+271 0.178333 3000
0.178667  -2.35398e+272 0.178667 3000
0.179  -7.58505e+272 0.179 3000
0.179333  -2.44407e+273 0.179333 3000
0.179667  -7.87534e+273 0.179667 3000
0.18  -2.53761e+274 0.18 3000
0.180333  -8.17674e+274 0.180333 3000
0.180667  -2.63473e+275 0.180667 3000
0.181  -8.48968e+275 0.181 3000
0.181333  -2.73556e+276 0.181333 3000
0.181667  -8.81459e+276 0.181667 3000
0.182  -2.84026e+277 0.182 3000
0.182333  -9.15194e+277 0.182333 3000
0.182667  -2.94896e+278 0.182667 3000
0.183  -9.5022e+278 0.183 3000
0.183333  -3.06182e+279 0.183333 3000
0.183667  -9.86586e+279 0.183667 3000
0.184  -3.179e+280 0.184 3000
0.184333  -1.02434e+281 0.184333 3000
0.184667  -3.30067e+281 0.184667 3000
0.185  -1.06355e+282 0.185 3000
0.185333  -3.42699e+282 0.185333 3000
0.185667  -1.10425e+283 0.185667 3000
0.186  -3.55814e+283 0.186 3000
0.186333  -1.14651e+284 0.186333 3000
0.186667  -3.69432e+284 0.186667 3000
0.187  -1.19039e+285 0.187 3000
0.187333  -3.83571e+285 0.187333 3000
0.187667  -1.23595e+286 0.187667 3000
0.188  -3.98251e+286 0.188 3000
0.188333  -1.28325e+287 0.188333 3000
0.188667  -4.13492e+287 0.188667 3000
0.189  -1.33236e+288 0.189 3000
0.189333  -4.29317e+288 0.189333 3000
0.189667  -1.38336e+289 0.189667 3000
0.19  -4.45748e+289 0.19 3000
0.190333  -1.4363e+290 0.190333 3000
0.190667  -4.62808e+290 0.190667 3000
0.191  -1.49127e+291 0.191 3000
0.191333  -4.8052e+291 0.191333 3000
0.191667  -1.54834e+292 0.191667 3000
0.192  -4.9891e+292 0.192 3000
0.192333  -1.6076e+293 0.192333 3000
0.192667  -5.18004e+293 0.192667 3000
0.193  -1.66912e+294 0.193 3000
0.193333  -5.37829e+294 0.193333 3000
0.193667  -1.733e+295 0.193667 3000
0.194  -5.58413e+295 0.194 3000
0.194333  -1.79933e+296 0.194333 3000
0.194667  -5.79784e+296 0.194667 3000
0.195  -1.86819e+297 0.195 3000
0.195333  -6.01973e+297 0.195333 3000
0.195667  -1.93969e+298 0.195667 3000
0.196  -6.25012e+298 0.196 3000
0.196333  -2.01393e+299 0.196333 3000
0.196667  -6.48932e+299 0.196667 3000
0.197  -2.091e+300 0.197 3000
0.197333  -6.73768e+300 0.197333 3000
0.197667  -2.17103e+301 0.197667 3000
0.198  -6.99554e+301 0.198 3000
0.198333  -2.25412e+302 0.198333 3000
0.198667  -7.26327e+302 0.198667 3000
0.199  -2.34039e+303 0.199 3000
0.199333  -7.54125e+303 0.199333 3000
0.199667  -2.42996e+304 0.199667 3000
0.2  -inf 0.2 3000
0.200333  -nan 0.200333 3000
0.200667  -nan 0.200667 3000
0.201  -nan 0.201 3000
0.201333  -nan 0.201333 3000
0.201667  -nan 0.201667 3000
0.202  -nan 0.202 3000
0.202333  -nan 0.202333 3000
0.202667  -nan 0.202667 3000
0.203  -nan 0.203 3000
0.203333  -nan 0.203333 3000
0.203667  -nan 0.203667 3000
0.204  -nan 0.204 3000
0.204333  -nan 0.204333 3000
0.204667  -nan 0.204667 3000
0.205  -nan 0.205 3000
0.205333  -nan 0.205333 3000
0.205667  -nan 0.205667 3000
0.206  -nan 0.206 3000
0.206333  -nan 0.206333 3000
0.206667  -nan 0.206667 3000
0.207  -nan 0.207 3000
0.207333  -nan 0.207333 3000
0.207667  -nan 0.207667 3000
0.208  -nan 0.208 3000
0.208333  -nan 0.208333 3000
0.208667  -nan 0.208667 3000
0.209  -nan 0.209 3000
0.209333  -nan 0.209333 3000
0.209667  -nan 0.209667 3000
0.21  -nan 0.21 3000
0.210333  -nan 0.210333 3000
0.210667  -nan 0.210667 3000
0.211  -nan 0.211 3000
0.211333  -nan 0.211333 3000
0.211667  -nan 0.211667 3000
0.212  -nan 0.212 3000
0.212333  -nan 0.212333 3000
0.212667  -nan 0.212667 3000
0.213  -nan 0.213 3000
0.213333  -nan 0.213333 3000
0.213667  -nan 0.213667 3000
0.214  -nan 0.214 3000
0.214333  -nan 0.214333 3000
0.214667  -nan 0.214667 3000
0.215  -nan 0.215 3000
0.215333  -nan 0.215333 3000
0.215667  -nan 0.215667 3000
0.216  -nan 0.216 3000
0.216333  -nan 0.216333 3000
0.216667  -nan 0.216667 3000
0.217  -nan 0.217 3000
0.217333  -nan 0.217333 3000
0.217667  -nan 0.217667 3000
0.218  -nan 0.218 3000
0.218333  -nan 0.218333 3000
0.218667  -nan 0.218667 3000
0.219  -nan 0.219 3000
0.219333  -nan 0.219333 3000
0.219667  -nan 0.219667 3000
0.22  -nan 0.22 3000
0.220333  -nan 0.220333 3000
0.220667  -nan 0.220667 3000
0.221  -nan 0.221 3000
0.221333  -nan 0.221333 3000
0.221667  -nan 0.221667 3000
0.222  -nan 0.222 3000
0.222333  -nan 0.222333 3000
0.222667  -nan 0.222667 3000
0.223  -nan 0.223 3000
0.223333  -nan 0.223333 3000
0.223667  -nan 0.223667 3000
0.224  -nan 0.224 3000
0.224333  -nan 0.224333 3000
0.224667  -nan 0.224667 3000
0.225  -nan 0.225 3000
0.225333  -nan 0.225333 3000
0.225667  -nan 0.225667 3000
0.226  -nan 0.226 3000
0.226333  -nan 0.226333 3000
0.226667  -nan 0.226667 3000
0.227  -nan 0.227 3000
0.227333  -nan 0.227333 3000
0.227667  -nan 0.227667 3000
0.228  -nan 0.228 3000
0.228333  -nan 0.228333 3000
0.228667  -nan 0.228667 3000
0.229  -nan 0.229 3000
0.229333  -nan 0.229333 3000
0.229667  -nan 0.229667 3000
0.23  -nan 0.23 3000
0.230333  -nan 0.230333 3000
0.230667  -nan 0.230667 3000
0.231  -nan 0.231 3000
0.231333  -nan 0.231333 3000
0.231667  -nan 0.231667 3000
0.232  -nan 0.232 3000
0.232333  -nan 0.232333 3000
0.232667  -nan 0.232667 3000
0.233  -nan 0.233 3000
0.233333  -nan 0.233333 3000
0.233667  -nan 0.233667 3000
0.234  -nan 0.234 3000
0.234333  -nan 0.234333 3000
0.234667  -nan 0.234667 3000
0.235  -nan 0.235 3000
0.235333  -nan 0.235333 3000
0.235667  -nan 0.235667 3000
0.236  -nan 0.236 3000
0.236333  -nan 0.236333 3000
0.236667  -nan 0.236667 3000
0.237  -nan 0.237 3000
0.237333  -nan 0.237333 3000
0.237667  -nan 0.237667 3000
0.238  -nan 0.238 3000
0.238333  -nan 0.238333 3000
0.238667  -nan 0.238667 3000
0.239  -nan 0.239 3000
0.239333  -nan 0.239333 3000
0.239667  -nan 0.239667 3000
0.24  -nan 0.24 3000
0.240333  -nan 0.240333 3000
0.240667  -nan 0.240667 3000
0.241  -nan 0.241 3000
0.241333  -nan 0.241333 3000
0.241667  -nan 0.241667 3000
0.242  -nan 0.242 3000
0.242333  -nan 0.242333 3000
0.242667  -nan 0.242667 3000
0.243  -nan 0.243 3000
0.243333  -nan 0.243333 3000
0.243667  -nan 0.243667 3000
0.244  -nan 0.244 3000
0.244333  -nan 0.244333 3000
0.244667  -nan 0.244667 3000
0.245  -nan 0.245 3000
0.245333  -nan 0.245333 3000
0.245667  -nan 0.245667 3000
0.246  -nan 0.246 3000
0.246333  -nan 0.246333 3000
0.246667  -nan 0.246667 3000
0.247  -nan 0.247 3000
0.247333  -nan 0.247333 3000
0.247667  -nan 0.247667 3000
0.248  -nan 0.248 3000
0.248333  -nan 0.248333 3000
0.248667  -nan 0.248667 3000
0.249  -nan 0.249 3000
0.249333  -nan 0.249333 3000
0.249667  -nan 0.249667 3000
0.25  -nan 0.25 3000
0.250333  -nan 0.250333 3000
0.250667  -nan 0.250667 3000
0.251  -nan 0.251 3000
0.251333  -nan 0.251333 3000
0.251667  -nan 0.251667 3000
0.252  -nan 0.252 3000
0.252333  -nan 0.252333 3000
0.252667  -nan 0.252667 3000
0.253  -nan 0.253 3000
0.253333  -nan 0.253333 3000
0.253667  -nan 0.253667 3000
0.254  -nan 0.254 3000
0.254333  -nan 0.254333 3000
0.254667  -nan 0.254667 3000
0.255  -nan 0.255 3000
0.255333  -nan 0.255333 3000
0.255667  -nan 0.255667 3000
0.256  -nan 0.256 3000
0.256333  -nan 0.256333 3000
0.256667  -nan 0.256667 3000
0.257  -nan 0.257 3000
0.257333  -nan 0.257333 3000
0.257667  -nan 0.257667 3000
0.258  -nan 0.258 3000
0.258333  -nan 0.258333 3000
0.258667  -nan 0.258667 3000
0.259  -nan 0.259 3000
0.259333  -nan 0.259333 3000
0.259667  -nan 0.259667 3000
0.26  -nan 0.26 3000
0.260333  -nan 0.260333 3000
0.260667  -nan 0.260667 3000
0.261  -nan 0.261 3000
0.261333  -nan 0.261333 3000
0.261667  -nan 0.261667 3000
0.262  -nan 0.262 3000
0.262333  -nan 0.262333 3000
0.262667  -nan 0.262667 3000
0.263  -nan 0.263 3000
0.263333  -nan 0.263333 3000
0.263667  -nan 0.263667 3000
0.264  -nan 0.264 3000
0.264333  -nan 0.264333 3000
0.264667  -nan 0.264667 3000
0.265  -nan 0.265 3000
0.265333  -nan 0.265333 3000
0.265667  -nan 0.265667 3000
0.266  -nan 0.266 3000
0.266333  -nan 0.266333 3000
0.266667  -nan 0.266667 3000
0.267  -nan 0.267 3000
0.267333  -nan 0.267333 3000
0.267667  -nan 0.267667 3000
0.268  -nan 0.268 3000
0.268333  -nan 0.268333 3000
0.268667  -nan 0.268667 3000
0.269  -nan 0.269 3000
0.269333  -nan 0.269333 3000
0.269667  -nan 0.269667 3000
0.27  -nan 0.27 3000
0.270333  -nan 0.270333 3000
0.270667  -nan 0.270667 3000
0.271  -nan 0.271 3000
0.271333  -nan 0.271333 3000
0.271667  -nan 0.271667 3000
0.272  -nan 0.272 3000
0.272333  -nan 0.272333 3000
0.272667  -nan 0.272667 3000
0.273  -nan 0.273 3000
0.273333  -nan 0.273333 3000
0.273667  -nan 0.273667 3000
0.274  -nan 0.274 3000
0.274333  -nan 0.274333 3000
0.274667  -nan 0.274667 3000
0.275  -nan 0.275 3000
0.275333  -nan 0.275333 3000
0.275667  -nan 0.275667 3000
0.276  -nan 0.276 3000
0.276333  -nan 0.276333 3000
0.276667  -nan 0.276667 3000
0.277  -nan 0.277 3000
0.277333  -nan 0.277333 3000
0.277667  -nan 0.277667 3000
0.278  -nan 0.278 3000
0.278333  -nan 0.278333 3000
0.278667  -nan 0.278667 3000
0.279  -nan 0.279 3000
0.279333  -nan 0.279333 3000
0.279667  -nan 0.279667 3000
0.28  -nan 0.28 3000
0.280333  -nan 0.280333 3000
0.280667  -nan 0.280667 3000
0.281  -nan 0.281 3000
0.281333  -nan 0.281333 3000
0.281667  -nan 0.281667 3000
0.282  -nan 0.282 3000
0.282333  -nan 0.282333 3000
0.282667  -nan 0.282667 3000
0.283  -nan 0.283 3000
0.283333  -nan 0.283333 3000
0.283667  -nan 0.283667 3000
0.284  -nan 0.284 3000
0.284333  -nan 0.284333 3000
0.284667  -nan 0.284667 3000
0.285  -nan 0.285 3000
0.285333  -nan 0.285333 3000
0.285667  -nan 0.285667 3000
0.286  -nan 0.286 3000
0.286333  -nan 0.286333 3000
0.286667  -nan 0.286667 3000
0.287  -nan 0.287 3000
0.287333  -nan 0.287333 3000
0.287667  -nan 0.287667 3000
0.288  -nan 0.288 3000
0.288333  -nan 0.288333 3000
0.288667  -nan 0.288667 3000
0.289  -nan 0.289 3000
0.289333  -nan 0.289333 3000
0.289667  -nan 0.289667 3000
0.29  -nan 0.29 3000
0.290333  -nan 0.290333 3000
0.290667  -nan 0.290667 3000
0.291  -nan 0.291 3000
0.291333  -nan 0.291333 3000
0.291667  -nan 0.291667 3000
0.292  -nan 0.292 3000
0.292333  -nan 0.292333 3000
0.292667  -nan 0.292667 3000
0.293  -nan 0.293 3000
0.293333  -nan 0.293333 3000
0.293667  -nan 0.293667 3000
0.294  -nan 0.294 3000
0.294333  -nan 0.294333 3000
0.294667  -nan 0.294667 3000
0.295  -nan 0.295 3000
0.295333  -nan 0.295333 3000
0.295667  -nan 0.295667 3000
0.296  -nan 0.296 3000
0.296333  -nan 0.296333 3000
0.296667  -nan 0.296667 3000
0.297  -nan 0.297 3000
0.297333  -nan 0.297333 3000
0.297667  -nan 0.297667 3000
0.298  -nan 0.298 3000
0.298333  -nan 0.298333 3000
0.298667  -nan 0.298667 3000
0.299  -nan 0.299 3000
0.299333  -nan 0.299333 3000
0.299667  -nan 0.299667 3000
0.3  -nan 0.3 3000
0.300333  -nan 0.300333 3000
0.300667  -nan 0.300667 3000
0.301  -nan 0.301 3000
0.301333  -nan 0.301333 3000
0.301667  -nan 0.301667 3000
0.302  -nan 0.302 3000
0.302333  -nan 0.302333 3000
0.302667  -nan 0.302667 3000
0.303  -nan 0.303 3000
0.303333  -nan 0.303333 3000
0.303667  -nan 0.303667 3000
0.304  -nan 0.304 3000
0.304333  -nan 0.304333 3000
0.304667  -nan 0.304667 3000
0.305  -nan 0.305 3000
0.305333  -nan 0.305333 3000
0.305667  -nan 0.305667 3000
0.306  -nan 0.306 3000
0.306333  -nan 0.306333 3000
0.306667  -nan 0.306667 3000
0.307  -nan 0.307 3000
0.307333  -nan 0.307333 3000
0.307667  -nan 0.307667 3000
0.308  -nan 0.308 3000
0.308333  -nan 0.308333 3000
0.308667  -nan 0.308667 3000
0.309  -nan 0.309 3000
0.309333  -nan 0.309333 3000
0.309667  -nan 0.309667 3000
0.31  -nan 0.31 3000
0.310333  -nan 0.310333 3000
0.310667  -nan 0.310667 3000
0.311  -nan 0.311 3000
0.311333  -nan 0.311333 3000
0.311667  -nan 0.311667 3000
0.312  -nan 0.312 3000
0.312333  -nan 0.312333 3000
0.312667  -nan 0.312667 3000
0.313  -nan 0.313 3000
0.313333  -nan 0.313333 3000
0.313667  -nan 0.313667 3000
0.314  -nan 0.314 3000
0.314333  -nan 0.314333 3000
0.314667  -nan 0.314667 3000
0.315  -nan 0.315 3000
0.315333  -nan 0.315333 3000
0.315667  -nan 0.315667 3000
0.316  -nan 0.316 3000
0.316333  -nan 0.316333 3000
0.316667  -nan 0.316667 3000
0.317  -nan 0.317 3000
0.317333  -nan 0.317333 3000
0.317667  -nan 0.317667 3000
0.318  -nan 0.318 3000
0.318333  -nan 0.318333 3000
0.318667  -nan 0.318667 3000
0.319  -nan 0.319 3000
0.319333  -nan 0.319333 3000
0.319667  -nan 0.319667 3000
0.32  -nan 0.32 3000
0.320333  -nan 0.320333 3000
0.320667  -nan 0.320667 3000
0.321  -nan 0.321 3000
0.321333  -nan 0.321333 3000
0.321667  -nan 0.321667 3000
0.322  -nan 0.322 3000
0.322333  -nan 0.322333 3000
0.322667  -nan 0.322667 3000
0.323  -nan 0.323 3000
0.323333  -nan 0.323333 3000
0.323667  -nan 0.323667 3000
0.324  -nan 0.324 3000
0.324333  -nan 0.324333 3000
0.324667  -nan 0.324667 3000
0.325  -nan 0.325 3000
0.325333  -nan 0.325333 3000
0.325667  -nan 0.325667 3000
0.326  -nan 0.326 3000
0.326333  -nan 0.326333 3000
0.326667  -nan 0.326667 3000
0.327  -nan 0.327 3000
0.327333  -nan 0.327333 3000
0.327667  -nan 0.327667 3000
0.328  -nan 0.328 3000
0.328333  -nan 0.328333 3000
0.328667  -nan 0.328667 3000
0.329  -nan 0.329 3000
0.329333  -nan 0.329333 3000
0.329667  -nan 0.329667 3000
0.33  -nan 0.33 3000
0.330333  -nan 0.330333 3000
0.330667  -nan 0.330667 3000
0.331  -nan 0.331 3000
0.331333  -nan 0.331333 3000
0.331667  -nan 0.331667 3000
0.332  -nan 0.332 3000
0.332333  -nan 0.332333 3000
0.332667  -nan 0.332667 3000
0.333  -nan 0.333 3000
0.333333  -nan 0.333333 3000
0.333667  -nan 0.333667 3000
0.334  -nan 0.334 3000
0.334333  -nan 0.334333 3000
0.334667  -nan 0.334667 3000
0.335  -nan 0.335 3000
0.335333  -nan 0.335333 3000
0.335667  -nan 0.335667 3000
0.336  -nan 0.336 3000
0.336333  -nan 0.336333 3000
0.336667  -nan 0.336667 3000
0.337  -nan 0.337 3000
0.337333  -nan 0.337333 3000
0.337667  -nan 0.337667 3000
0.338  -nan 0.338 3000
0.338333  -nan 0.338333 3000
0.338667  -nan 0.338667 3000
0.339  -nan 0.339 3000
0.339333  -nan 0.339333 3000
0.339667  -nan 0.339667 3000
0.34  -nan 0.34 3000
0.340333  -nan 0.340333 3000
0.340667  -nan 0.340667 3000
0.341  -nan 0.341 3000
0.341333  -nan 0.341333 3000
0.341667  -nan 0.341667 3000
0.342  -nan 0.342 3000
0.342333  -nan 0.342333 3000
0.342667  -nan 0.342667 3000
0.343  -nan 0.343 3000
0.343333  -nan 0.343333 3000
0.343667  -nan 0.343667 3000
0.344  -nan 0.344 3000
0.344333  -nan 0.344333 3000
0.344667  -nan 0.344667 3000
0.345  -nan 0.345 3000
0.345333  -nan 0.345333 3000
0.345667  -nan 0.345667 3000
0.346  -nan 0.346 3000
0.346333  -nan 0.346333 3000
0.346667  -nan 0.346667 3000
0.347  -nan 0.347 3000
0.347333  -nan 0.347333 3000
0.347667  -nan 0.347667 3000
0.348  -nan 0.348 3000
0.348333  -nan 0.348333 3000
0.348667  -nan 0.348667 3000
0.349  -nan 0.349 3000
0.349333  -nan 0.349333 3000
0.349667  -nan 0.349667 3000
0.35  -nan 0.35 3000
0.350333  -nan 0.350333 3000
0.350667  -nan 0.350667 3000
0.351  -nan 0.351 3000
0.351333  -nan 0.351333 3000
0.351667  -nan 0.351667 3000
0.352  -nan 0.352 3000
0.352333  -nan 0.352333 3000
0.352667  -nan 0.352667 3000
0.353  -nan 0.353 3000
0.353333  -nan 0.353333 3000
0.353667  -nan 0.353667 3000
0.354  -nan 0.354 3000
0.354333  -nan 0.354333 3000
0.354667  -nan 0.354667 3000
0.355  -nan 0.355 3000
0.355333  -nan 0.355333 3000
0.355667  -nan 0.355667 3000
0.356  -nan 0.356 3000
0.356333  -nan 0.356333 3000
0.356667  -nan 0.356667 3000
0.357  -nan 0.357 3000
0.357333  -nan 0.357333 3000
0.357667  -nan 0.357667 3000
0.358  -nan 0.358 3000
0.358333  -nan 0.358333 3000
0.358667  -nan 0.358667 3000
0.359  -nan 0.359 3000
0.359333  -nan 0.359333 3000
0.359667  -nan 0.359667 3000
0.36  -nan 0.36 3000
0.360333  -nan 0.360333 3000
0.360667  -nan 0.360667 3000
0.361  -nan 0.361 3000
0.361333  -nan 0.361333 3000
0.361667  -nan 0.361667 3000
0.362  -nan 0.362 3000
0.362333  -nan 0.362333 3000
0.362667  -nan 0.362667 3000
0.363  -nan 0.363 3000
0.363333  -nan 0.363333 3000
0.363667  -nan 0.363667 3000
0.364  -nan 0.364 3000
0.364333  -nan 0.364333 3000
0.364667  -nan 0.364667 3000
0.365  -nan 0.365 3000
0.365333  -nan 0.365333 3000
0.365667  -nan 0.365667 3000
0.366  -nan 0.366 3000
0.366333  -nan 0.366333 3000
0.366667  -nan 0.366667 3000
0.367  -nan 0.367 3000
0.367333  -nan 0.367333 3000
0.367667  -nan 0.367667 3000
0.368  -nan 0.368 3000
0.368333  -nan 0.368333 3000
0.368667  -nan 0.368667 3000
0.369  -nan 0.369 3000
0.369333  -nan 0.369333 3000
0.369667  -nan 0.369667 3000
0.37  -nan 0.37 3000
0.370333  -nan 0.370333 3000
0.370667  -nan 0.370667 3000
0.371  -nan 0.371 3000
0.371333  -nan 0.371333 3000
0.371667  -nan 0.371667 3000
0.372  -nan 0.372 3000
0.372333  -nan 0.372333 3000
0.372667  -nan 0.372667 3000
0.373  -nan 0.373 3000
0.373333  -nan 0.373333 3000
0.373667  -nan 0.373667 3000
0.374  -nan 0.374 3000
0.374333  -nan 0.374333 3000
0.374667  -nan 0.374667 3000
0.375  -nan 0.375 3000
0.375333  -nan 0.375333 3000
0.375667  -nan 0.375667 3000
0.376  -nan 0.376 3000
0.376333  -nan 0.376333 3000
0.376667  -nan 0.376667 3000
0.377  -nan 0.377 3000
0.377333  -nan 0.377333 3000
0.377667  -nan 0.377667 3000
0.378  -nan 0.378 3000
0.378333  -nan 0.378333 3000
0.378667  -nan 0.378667 3000
0.379  -nan 0.379 3000
0.379333  -nan 0.379333 3000
0.379667  -nan 0.379667 3000
0.38  -nan 0.38 3000
0.380333  -nan 0.380333 3000
0.380667  -nan 0.380667 3000
0.381  -nan 0.381 3000
0.381333  -nan 0.381333 3000
0.381667  -nan 0.381667 3000
0.382  -nan 0.382 3000
0.382333  -nan 0.382333 3000
0.382667  -nan 0.382667 3000
0.383  -nan 0.383 3000
0.383333  -nan 0.383333 3000
0.383667  -nan 0.383667 3000
0.384  -nan 0.384 3000
0.384333  -nan 0.384333 3000
0.384667  -nan 0.384667 3000
0.385  -nan 0.385 3000
0.385333  -nan 0.385333 3000
0.385667  -nan 0.385667 3000
0.386  -nan 0.386 3000
0.386333  -nan 0.386333 3000
0.386667  -nan 0.386667 3000
0.387  -nan 0.387 3000
0.387333  -nan 0.387333 3000
0.387667  -nan 0.387667 3000
0.388  -nan 0.388 3000
0.388333  -nan 0.388333 3000
0.388667  -nan 0.388667 3000
0.389  -nan 0.389 3000
0.389333  -nan 0.389333 3000
0.389667  -nan 0.389667 3000
0.39  -nan 0.39 3000
0.390333  -nan 0.390333 3000
0.390667  -nan 0.390667 3000
0.391  -nan 0.391 3000
0.391333  -nan 0.391333 3000
0.391667  -nan 0.391667 3000
0.392  -nan 0.392 3000
0.392333  -nan 0.392333 3000
0.392667  -nan 0.392667 3000
0.393  -nan 0.393 3000
0.393333  -nan 0.393333 3000
0.393667  -nan 0.393667 3000
0.394  -nan 0.394 3000
0.394333  -nan 0.394333 3000
0.394667  -nan 0.394667 3000
0.395  -nan 0.395 3000
0.395333  -nan 0.395333 3000
0.395667  -nan 0.395667 3000
0.396  -nan 0.396 3000
0.396333  -nan 0.396333 3000
0.396667  -nan 0.396667 3000
0.397  -nan 0.397 3000
0.397333  -nan 0.397333 3000
0.397667  -nan 0.397667 3000
0.398  -nan 0.398 3000
0.398333  -nan 0.398333 3000
0.398667  -nan 0.398667 3000
0.399  -nan 0.399 3000
0.399333  -nan 0.399333 3000
0.399667  -nan 0.399667 3000
0.4  -nan 0.4 3000
0.400333  -nan 0.400333 3000
0.400667  -nan 0.400667 3000
0.401  -nan 0.401 3000
0.401333  -nan 0.401333 3000
0.401667  -nan 0.401667 3000
0.402  -nan 0.402 3000
0.402333  -nan 0.402333 3000
0.402667  -nan 0.402667 3000
0.403  -nan 0.403 3000
0.403333  -nan 0.403333 3000
0.403667  -nan 0.403667 3000
0.404  -nan 0.404 3000
0.404333  -nan 0.404333 3000
0.404667  -nan 0.404667 3000
0.405  -nan 0.405 3000
0.405333  -nan 0.405333 3000
0.405667  -nan 0.405667 3000
0.406  -nan 0.406 3000
0.406333  -nan 0.406333 3000
0.406667  -nan 0.406667 3000
0.407  -nan 0.407 3000
0.407333  -nan 0.407333 3000
0.407667  -nan 0.407667 3000
0.408  -nan 0.408 3000
0.408333  -nan 0.408333 3000
0.408667  -nan 0.408667 3000
0.409  -nan 0.409 3000
0.409333  -nan 0.409333 3000
0.409667  -nan 0.409667 3000
0.41  -nan 0.41 3000
0.410333  -nan 0.410333 3000
0.410667  -nan 0.410667 3000
0.411  -nan 0.411 3000
0.411333  -nan 0.411333 3000
0.411667  -nan 0.411667 3000
0.412  -nan 0.412 3000
0.412333  -nan 0.412333 3000
0.412667  -nan 0.412667 3000
0.413  -nan 0.413 3000
0.413333  -nan 0.413333 3000
0.413667  -nan 0.413667 3000
0.414  -nan 0.414 3000
0.414333  -nan 0.414333 3000
0.414667  -nan 0.414667 3000
0.415  -nan 0.415 3000
0.415333  -nan 0.415333 3000
0.415667  -nan 0.415667 3000
0.416  -nan 0.416 3000
0.416333  -nan 0.416333 3000
0.416667  -nan 0.416667 3000
0.417  -nan 0.417 3000
0.417333  -nan 0.417333 3000
0.417667  -nan 0.417667 3000
0.418  -nan 0.418 3000
0.418333  -nan 0.418333 3000
0.418667  -nan 0.418667 3000
0.419  -nan 0.419 3000
0.419333  -nan 0.419333 3000
0.419667  -nan 0.419667 3000
0.42  -nan 0.42 3000
0.420333  -nan 0.420333 3000
0.420667  -nan 0.420667 3000
0.421  -nan 0.421 3000
0.421333  -nan 0.421333 3000
0.421667  -nan 0.421667 3000
0.422  -nan 0.422 3000
0.422333  -nan 0.422333 3000
0.422667  -nan 0.422667 3000
0.423  -nan 0.423 3000
0.423333  -nan 0.423333 3000
0.423667  -nan 0.423667 3000
0.424  -nan 0.424 3000
0.424333  -nan 0.424333 3000
0.424667  -nan 0.424667 3000
0.425  -nan 0.425 3000
0.425333  -nan 0.425333 3000
0.425667  -nan 0.425667 3000
0.426  -nan 0.426 3000
0.426333  -nan 0.426333 3000
0.426667  -nan 0.426667 3000
0.427  -nan 0.427 3000
0.427333  -nan 0.427333 3000
0.427667  -nan 0.427667 3000
0.428  -nan 0.428 3000
0.428333  -nan 0.428333 3000
0.428667  -nan 0.428667 3000
0.429  -nan 0.429 3000
0.429333  -nan 0.429333 3000
0.429667  -nan 0.429667 3000
0.43  -nan 0.43 3000
0.430333  -nan 0.430333 3000
0.430667  -nan 0.430667 3000
0.431  -nan 0.431 3000
0.431333  -nan 0.431333 3000
0.431667  -nan 0.431667 3000
0.432  -nan 0.432 3000
0.432333  -nan 0.432333 3000
0.432667  -nan 0.432667 3000
0.433  -nan 0.433 3000
0.433333  -nan 0.433333 3000
0.433667  -nan 0.433667 3000
0.434  -nan 0.434 3000
0.434333  -nan 0.434333 3000
0.434667  -nan 0.434667 3000
0.435  -nan 0.435 3000
0.435333  -nan 0.435333 3000
0.435667  -nan 0.435667 3000
0.436  -nan 0.436 3000
0.436333  -nan 0.436333 3000
0.436667  -nan 0.436667 3000
0.437  -nan 0.437 3000
0.437333  -nan 0.437333 3000
0.437667  -nan 0.437667 3000
0.438  -nan 0.438 3000
0.438333  -nan 0.438333 3000
0.438667  -nan 0.438667 3000
0.439  -nan 0.439 3000
0.439333  -nan 0.439333 3000
0.439667  -nan 0.439667 3000
0.44  -nan 0.44 3000
0.440333  -nan 0.440333 3000
0.440667  -nan 0.440667 3000
0.441  -nan 0.441 3000
0.441333  -nan 0.441333 3000
0.441667  -nan 0.441667 3000
0.442  -nan 0.442 3000
0.442333  -nan 0.442333 3000
0.442667  -nan 0.442667 3000
0.443  -nan 0.443 3000
0.443333  -nan 0.443333 3000
0.443667  -nan 0.443667 3000
0.444  -nan 0.444 3000
0.444333  -nan 0.444333 3000
0.444667  -nan 0.444667 3000
0.445  -nan 0.445 3000
0.445333  -nan 0.445333 3000
0.445667  -nan 0.445667 3000
0.446  -nan 0.446 3000
0.446333  -nan 0.446333 3000
0.446667  -nan 0.446667 3000
0.447  -nan 0.447 3000
0.447333  -nan 0.447333 3000
0.447667  -nan 0.447667 3000
0.448  -nan 0.448 3000
0.448333  -nan 0.448333 3000
0.448667  -nan 0.448667 3000
0.449  -nan 0.449 3000
0.449333  -nan 0.449333 3000
0.449667  -nan 0.449667 3000
0.45  -nan 0.45 3000
0.450333  -nan 0.450333 3000
0.450667  -nan 0.450667 3000
0.451  -nan 0.451 3000
0.451333  -nan 0.451333 3000
0.451667  -nan 0.451667 3000
0.452  -nan 0.452 3000
0.452333  -nan 0.452333 3000
0.452667  -nan 0.452667 3000
0.453  -nan 0.453 3000
0.453333  -nan 0.453333 3000
0.453667  -nan 0.453667 3000
0.454  -nan 0.454 3000
0.454333  -nan 0.454333 3000
0.454667  -nan 0.454667 3000
0.455  -nan 0.455 3000
0.455333  -nan 0.455333 3000
0.455667  -nan 0.455667 3000
0.456  -nan 0.456 3000
0.456333  -nan 0.456333 3000
0.456667  -nan 0.456667 3000
0.457  -nan 0.457 3000
0.457333  -nan 0.457333 3000
0.457667  -nan 0.457667 3000
0.458  -nan 0.458 3000
0.458333  -nan 0.458333 3000
0.458667  -nan 0.458667 3000
0.459  -nan 0.459 3000
0.459333  -nan 0.459333 3000
0.459667  -nan 0.459667 3000
0.46  -nan 0.46 3000
0.460333  -nan 0.460333 3000
0.460667  -nan 0.460667 3000
0.461  -nan 0.461 3000
0.461333  -nan 0.461333 3000
0.461667  -nan 0.461667 3000
0.462  -nan 0.462 3000
0.462333  -nan 0.462333 3000
0.462667  -nan 0.462667 3000
0.463  -nan 0.463 3000
0.463333  -nan 0.463333 3000
0.463667  -nan 0.463667 3000
0.464  -nan 0.464 3000
0.464333  -nan 0.464333 3000
0.464667  -nan 0.464667 3000
0.465  -nan 0.465 3000
0.465333  -nan 0.465333 3000
0.465667  -nan 0.465667 3000
0.466  -nan 0.466 3000
0.466333  -nan 0.466333 3000
0.466667  -nan 0.466667 3000
0.467  -nan 0.467 3000
0.467333  -nan 0.467333 3000
0.467667  -nan 0.467667 3000
0.468  -nan 0.468 3000
0.468333  -nan 0.468333 3000
0.468667  -nan 0.468667 3000
0.469  -nan 0.469 3000
0.469333  -nan 0.469333 3000
0.469667  -nan 0.469667 3000
0.47  -nan 0.47 3000
0.470333  -nan 0.470333 3000
0.470667  -nan 0.470667 3000
0.471  -nan 0.471 3000
0.471333  -nan 0.471333 3000
0.471667  -nan 0.471667 3000
0.472  -nan 0.472 3000
0.472333  -nan 0.472333 3000
0.472667  -nan 0.472667 3000
0.473  -nan 0.473 3000
0.473333  -nan 0.473333 3000
0.473667  -nan 0.473667 3000
0.474  -nan 0.474 3000
0.474333  -nan 0.474333 3000
0.474667  -nan 0.474667 3000
0.475  -nan 0.475 3000
0.475333  -nan 0.475333 3000
0.475667  -nan 0.475667 3000
0.476  -nan 0.476 3000
0.476333  -nan 0.476333 3000
0.476667  -nan 0.476667 3000
0.477  -nan 0.477 3000
0.477333  -nan 0.477333 3000
0.477667  -nan 0.477667 3000
0.478  -nan 0.478 3000
0.478333  -nan 0.478333 3000
0.478667  -nan 0.478667 3000
0.479  -nan 0.479 3000
0.479333  -nan 0.479333 3000
0.479667  -nan 0.479667 3000
0.48  -nan 0.48 3000
0.480333  -nan 0.480333 3000
0.480667  -nan 0.480667 3000
0.481  -nan 0.481 3000
0.481333  -nan 0.481333 3000
0.481667  -nan 0.481667 3000
0.482  -nan 0.482 3000
0.482333  -nan 0.482333 3000
0.482667  -nan 0.482667 3000
0.483  -nan 0.483 3000
0.483333  -nan 0.483333 3000
0.483667  -nan 0.483667 3000
0.484  -nan 0.484 3000
0.484333  -nan 0.484333 3000
0.484667  -nan 0.484667 3000
0.485  -nan 0.485 3000
0.485333  -nan 0.485333 3000
0.485667  -nan 0.485667 3000
0.486  -nan 0.486 3000
0.486333  -nan 0.486333 3000
0.486667  -nan 0.486667 3000
0.487  -nan 0.487 3000
0.487333  -nan 0.487333 3000
0.487667  -nan 0.487667 3000
0.488  -nan 0.488 3000
0.488333  -nan 0.488333 3000
0.488667  -nan 0.488667 3000
0.489  -nan 0.489 3000
0.489333  -nan 0.489333 3000
0.489667  -nan 0.489667 3000
0.49  -nan 0.49 3000
0.490333  -nan 0.490333 3000
0.490667  -nan 0.490667 3000
0.491  -nan 0.491 3000
0.491333  -nan 0.491333 3000
0.491667  -nan 0.491667 3000
0.492  -nan 0.492 3000
0.492333  -nan 0.492333 3000
0.492667  -nan 0.492667 3000
0.493  -nan 0.493 3000
0.493333  -nan 0.493333 3000
0.493667  -nan 0.493667 3000
0.494  -nan 0.494 3000
0.494333  -nan 0.494333 3000
0.494667  -nan 0.494667 3000
0.495  -nan 0.495 3000
0.495333  -nan 0.495333 3000
0.495667  -nan 0.495667 3000
0.496  -nan 0.496 3000
0.496333  -nan 0.496333 3000
0.496667  -nan 0.496667 3000
0.497  -nan 0.497 3000
0.497333  -nan 0.497333 3000
0.497667  -nan 0.497667 3000
0.498  -nan 0.498 3000
0.498333  -nan 0.498333 3000
0.498667  -nan 0.498667 3000
0.499  -nan 0.499 3000
0.499333  -nan 0.499333 3000
0.499667  -nan 0.499667 3000
0.5  -nan 0.5 3000
0.500333  -nan 0.500333 3000
0.500667  -nan 0.500667 3000
0.501  -nan 0.501 3000
0.501333  -nan 0.501333 3000
0.501667  -nan 0.501667 3000
0.502  -nan 0.502 3000
0.502333  -nan 0.502333 3000
0.502667  -nan 0.502667 3000
0.503  -nan 0.503 3000
0.503333  -nan 0.503333 3000
0.503667  -nan 0.503667 3000
0.504  -nan 0.504 3000
0.504333  -nan 0.504333 3000
0.504667  -nan 0.504667 3000
0.505  -nan 0.505 3000
0.505333  -nan 0.505333 3000
0.505667  -nan 0.505667 3000
0.506  -nan 0.506 3000
0.506333  -nan 0.506333 3000
0.506667  -nan 0.506667 3000
0.507  -nan 0.507 3000
0.507333  -nan 0.507333 3000
0.507667  -nan 0.507667 3000
0.508  -nan 0.508 3000
0.508333  -nan 0.508333 3000
0.508667  -nan 0.508667 3000
0.509  -nan 0.509 3000
0.509333  -nan 0.509333 3000
0.509667  -nan 0.509667 3000
0.51  -nan 0.51 3000
0.510333  -nan 0.510333 3000
0.510667  -nan 0.510667 3000
0.511  -nan 0.511 3000
0.511333  -nan 0.511333 3000
0.511667  -nan 0.511667 3000
0.512  -nan 0.512 3000
0.512333  -nan 0.512333 3000
0.512667  -nan 0.512667 3000
0.513  -nan 0.513 3000
0.513333  -nan 0.513333 3000
0.513667  -nan 0.513667 3000
0.514  -nan 0.514 3000
0.514333  -nan 0.514333 3000
0.514667  -nan 0.514667 3000
0.515  -nan 0.515 3000
0.515333  -nan 0.515333 3000
0.515667  -nan 0.515667 3000
0.516  -nan 0.516 3000
0.516333  -nan 0.516333 3000
0.516667  -nan 0.516667 3000
0.517  -nan 0.517 3000
0.517333  -nan 0.517333 3000
0.517667  -nan 0.517667 3000
0.518  -nan 0.518 3000
0.518333  -nan 0.518333 3000
0.518667  -nan 0.518667 3000
0.519  -nan 0.519 3000
0.519333  -nan 0.519333 3000
0.519667  -nan 0.519667 3000
0.52  -nan 0.52 3000
0.520333  -nan 0.520333 3000
0.520667  -nan 0.520667 3000
0.521  -nan 0.521 3000
0.521333  -nan 0.521333 3000
0.521667  -nan 0.521667 3000
0.522  -nan 0.522 3000
0.522333  -nan 0.522333 3000
0.522667  -nan 0.522667 3000
0.523  -nan 0.523 3000
0.523333  -nan 0.523333 3000
0.523667  -nan 0.523667 3000
0.524  -nan 0.524 3000
0.524333  -nan 0.524333 3000
0.524667  -nan 0.524667 3000
0.525  -nan 0.525 3000
0.525333  -nan 0.525333 3000
0.525667  -nan 0.525667 3000
0.526  -nan 0.526 3000
0.526333  -nan 0.526333 3000
0.526667  -nan 0.526667 3000
0.527  -nan 0.527 3000
0.527333  -nan 0.527333 3000
0.527667  -nan 0.527667 3000
0.528  -nan 0.528 3000
0.528333  -nan 0.528333 3000
0.528667  -nan 0.528667 3000
0.529  -nan 0.529 3000
0.529333  -nan 0.529333 3000
0.529667  -nan 0.529667 3000
0.53  -nan 0.53 3000
0.530333  -nan 0.530333 3000
0.530667  -nan 0.530667 3000
0.531  -nan 0.531 3000
0.531333  -nan 0.531333 3000
0.531667  -nan 0.531667 3000
0.532  -nan 0.532 3000
0.532333  -nan 0.532333 3000
0.532667  -nan 0.532667 3000
0.533  -nan 0.533 3000
0.533333  -nan 0.533333 3000
0.533667  -nan 0.533667 3000
0.534  -nan 0.534 3000
0.534333  -nan 0.534333 3000
0.534667  -nan 0.534667 3000
0.535  -nan 0.535 3000
0.535333  -nan 0.535333 3000
0.535667  -nan 0.535667 3000
0.536  -nan 0.536 3000
0.536333  -nan 0.536333 3000
0.536667  -nan 0.536667 3000
0.537  -nan 0.537 3000
0.537333  -nan 0.537333 3000
0.537667  -nan 0.537667 3000
0.538  -nan 0.538 3000
0.538333  -nan 0.538333 3000
0.538667  -nan 0.538667 3000
0.539  -nan 0.539 3000
0.539333  -nan 0.539333 3000
0.539667  -nan 0.539667 3000
0.54  -nan 0.54 3000
0.540333  -nan 0.540333 3000
0.540667  -nan 0.540667 3000
0.541  -nan 0.541 3000
0.541333  -nan 0.541333 3000
0.541667  -nan 0.541667 3000
0.542  -nan 0.542 3000
0.542333  -nan 0.542333 3000
0.542667  -nan 0.542667 3000
0.543  -nan 0.543 3000
0.543333  -nan 0.543333 3000
0.543667  -nan 0.543667 3000
0.544  -nan 0.544 3000
0.544333  -nan 0.544333 3000
0.544667  -nan 0.544667 3000
0.545  -nan 0.545 3000
0.545333  -nan 0.545333 3000
0.545667  -nan 0.545667 3000
0.546  -nan 0.546 3000
0.546333  -nan 0.546333 3000
0.546667  -nan 0.546667 3000
0.547  -nan 0.547 3000
0.547333  -nan 0.547333 3000
0.547667  -nan 0.547667 3000
0.548  -nan 0.548 3000
0.548333  -nan 0.548333 3000
0.548667  -nan 0.548667 3000
0.549  -nan 0.549 3000
0.549333  -nan 0.549333 3000
0.549667  -nan 0.549667 3000
0.55  -nan 0.55 3000
0.550333  -nan 0.550333 3000
0.550667  -nan 0.550667 3000
0.551  -nan 0.551 3000
0.551333  -nan 0.551333 3000
0.551667  -nan 0.551667 3000
0.552  -nan 0.552 3000
0.552333  -nan 0.552333 3000
0.552667  -nan 0.552667 3000
0.553  -nan 0.553 3000
0.553333  -nan 0.553333 3000
0.553667  -nan 0.553667 3000
0.554  -nan 0.554 3000
0.554333  -nan 0.554333 3000
0.554667  -nan 0.554667 3000
0.555  -nan 0.555 3000
0.555333  -nan 0.555333 3000
0.555667  -nan 0.555667 3000
0.556  -nan 0.556 3000
0.556333  -nan 0.556333 3000
0.556667  -nan 0.556667 3000
0.557  -nan 0.557 3000
0.557333  -nan 0.557333 3000
0.557667  -nan 0.557667 3000
0.558  -nan 0.558 3000
0.558333  -nan 0.558333 3000
0.558667  -nan 0.558667 3000
0.559  -nan 0.559 3000
0.559333  -nan 0.559333 3000
0.559667  -nan 0.559667 3000
0.56  -nan 0.56 3000
0.560333  -nan 0.560333 3000
0.560667  -nan 0.560667 3000
0.561  -nan 0.561 3000
0.561333  -nan 0.561333 3000
0.561667  -nan 0.561667 3000
0.562  -nan 0.562 3000
0.562333  -nan 0.562333 3000
0.562667  -nan 0.562667 3000
0.563  -nan 0.563 3000
0.563333  -nan 0.563333 3000
0.563667  -nan 0.563667 3000
0.564  -nan 0.564 3000
0.564333  -nan 0.564333 3000
0.564667  -nan 0.564667 3000
0.565  -nan 0.565 3000
0.565333  -nan 0.565333 3000
0.565667  -nan 0.565667 3000
0.566  -nan 0.566 3000
0.566333  -nan 0.566333 3000
0.566667  -nan 0.566667 3000
0.567  -nan 0.567 3000
0.567333  -nan 0.567333 3000
0.567667  -nan 0.567667 3000
0.568  -nan 0.568 3000
0.568333  -nan 0.568333 3000
0.568667  -nan 0.568667 3000
0.569  -nan 0.569 3000
0.569333  -nan 0.569333 3000
0.569667  -nan 0.569667 3000
0.57  -nan 0.57 3000
0.570333  -nan 0.570333 3000
0.570667  -nan 0.570667 3000
0.571  -nan 0.571 3000
0.571333  -nan 0.571333 3000
0.571667  -nan 0.571667 3000
0.572  -nan 0.572 3000
0.572333  -nan 0.572333 3000
0.572667  -nan 0.572667 3000
0.573  -nan 0.573 3000
0.573333  -nan 0.573333 3000
0.573667  -nan 0.573667 3000
0.574  -nan 0.574 3000
0.574333  -nan 0.574333 3000
0.574667  -nan 0.574667 3000
0.575  -nan 0.575 3000
0.575333  -nan 0.575333 3000
0.575667  -nan 0.575667 3000
0.576  -nan 0.576 3000
0.576333  -nan 0.576333 3000
0.576667  -nan 0.576667 3000
0.577  -nan 0.577 3000
0.577333  -nan 0.577333 3000
0.577667  -nan 0.577667 3000
0.578  -nan 0.578 3000
0.578333  -nan 0.578333 3000
0.578667  -nan 0.578667 3000
0.579  -nan 0.579 3000
0.579333  -nan 0.579333 3000
0.579667  -nan 0.579667 3000
0.58  -nan 0.58 3000
0.580333  -nan 0.580333 3000
0.580667  -nan 0.580667 3000
0.581  -nan 0.581 3000
0.581333  -nan 0.581333 3000
0.581667  -nan 0.581667 3000
0.582  -nan 0.582 3000
0.582333  -nan 0.582333 3000
0.582667  -nan 0.582667 3000
0.583  -nan 0.583 3000
0.583333  -nan 0.583333 3000
0.583667  -nan 0.583667 3000
0.584  -nan 0.584 3000
0.584333  -nan 0.584333 3000
0.584667  -nan 0.584667 3000
0.585  -nan 0.585 3000
0.585333  -nan 0.585333 3000
0.585667  -nan 0.585667 3000
0.586  -nan 0.586 3000
0.586333  -nan 0.586333 3000
0.586667  -nan 0.586667 3000
0.587  -nan 0.587 3000
0.587333  -nan 0.587333 3000
0.587667  -nan 0.587667 3000
0.588  -nan 0.588 3000
0.588333  -nan 0.588333 3000
0.588667  -nan 0.588667 3000
0.589  -nan 0.589 3000
0.589333  -nan 0.589333 3000
0.589667  -nan 0.589667 3000
0.59  -nan 0.59 3000
0.590333  -nan 0.590333 3000
0.590667  -nan 0.590667 3000
0.591  -nan 0.591 3000
0.591333  -nan 0.591333 3000
0.591667  -nan 0.591667 3000
0.592  -nan 0.592 3000
0.592333  -nan 0.592333 3000
0.592667  -nan 0.592667 3000
0.593  -nan 0.593 3000
0.593333  -nan 0.593333 3000
0.593667  -nan 0.593667 3000
0.594  -nan 0.594 3000
0.594333  -nan 0.594333 3000
0.594667  -nan 0.594667 3000
0.595  -nan 0.595 3000
0.595333  -nan 0.595333 3000
0.595667  -nan 0.595667 3000
0.596  -nan 0.596 3000
0.596333  -nan 0.596333 3000
0.596667  -nan 0.596667 3000
0.597  -nan 0.597 3000
0.597333  -nan 0.597333 3000
0.597667  -nan 0.597667 3000
0.598  -nan 0.598 3000
0.598333  -nan 0.598333 3000
0.598667  -nan 0.598667 3000
0.599  -nan 0.599 3000
0.599333  -nan 0.599333 3000
0.599667  -nan 0.599667 3000
0.6  -nan 0.6 3000
0.600333  -nan 0.600333 3000
0.600667  -nan 0.600667 3000
0.601  -nan 0.601 3000
0.601333  -nan 0.601333 3000
0.601667  -nan 0.601667 3000
0.602  -nan 0.602 3000
0.602333  -nan 0.602333 3000
0.602667  -nan 0.602667 3000
0.603  -nan 0.603 3000
0.603333  -nan 0.603333 3000
0.603667  -nan 0.603667 3000
0.604  -nan 0.604 3000
0.604333  -nan 0.604333 3000
0.604667  -nan 0.604667 3000
0.605  -nan 0.605 3000
0.605333  -nan 0.605333 3000
0.605667  -nan 0.605667 3000
0.606  -nan 0.606 3000
0.606333  -nan 0.606333 3000
0.606667  -nan 0.606667 3000
0.607  -nan 0.607 3000
0.607333  -nan 0.607333 3000
0.607667  -nan 0.607667 3000
0.608  -nan 0.608 3000
0.608333  -nan 0.608333 3000
0.608667  -nan 0.608667 3000
0.609  -nan 0.609 3000
0.609333  -nan 0.609333 3000
0.609667  -nan 0.609667 3000
0.61  -nan 0.61 3000
0.610333  -nan 0.610333 3000
0.610667  -nan 0.610667 3000
0.611  -nan 0.611 3000
0.611333  -nan 0.611333 3000
0.611667  -nan 0.611667 3000
0.612  -nan 0.612 3000
0.612333  -nan 0.612333 3000
0.612667  -nan 0.612667 3000
0.613  -nan 0.613 3000
0.613333  -nan 0.613333 3000
0.613667  -nan 0.613667 3000
0.614  -nan 0.614 3000
0.614333  -nan 0.614333 3000
0.614667  -nan 0.614667 3000
0.615  -nan 0.615 3000
0.615333  -nan 0.615333 3000
0.615667  -nan 0.615667 3000
0.616  -nan 0.616 3000
0.616333  -nan 0.616333 3000
0.616667  -nan 0.616667 3000
0.617  -nan 0.617 3000
0.617333  -nan 0.617333 3000
0.617667  -nan 0.617667 3000
0.618  -nan 0.618 3000
0.618333  -nan 0.618333 3000
0.618667  -nan 0.618667 3000
0.619  -nan 0.619 3000
0.619333  -nan 0.619333 3000
0.619667  -nan 0.619667 3000
0.62  -nan 0.62 3000
0.620333  -nan 0.620333 3000
0.620667  -nan 0.620667 3000
0.621  -nan 0.621 3000
0.621333  -nan 0.621333 3000
0.621667  -nan 0.621667 3000
0.622  -nan 0.622 3000
0.622333  -nan 0.622333 3000
0.622667  -nan 0.622667 3000
0.623  -nan 0.623 3000
0.623333  -nan 0.623333 3000
0.623667  -nan 0.623667 3000
0.624  -nan 0.624 3000
0.624333  -nan 0.624333 3000
0.624667  -nan 0.624667 3000
0.625  -nan 0.625 3000
0.625333  -nan 0.625333 3000
0.625667  -nan 0.625667 3000
0.626  -nan 0.626 3000
0.626333  -nan 0.626333 3000
0.626667  -nan 0.626667 3000
0.627  -nan 0.627 3000
0.627333  -nan 0.627333 3000
0.627667  -nan 0.627667 3000
0.628  -nan 0.628 3000
0.628333  -nan 0.628333 3000
0.628667  -nan 0.628667 3000
0.629  -nan 0.629 3000
0.629333  -nan 0.629333 3000
0.629667  -nan 0.629667 3000
0.63  -nan 0.63 3000
0.630333  -nan 0.630333 3000
0.630667  -nan 0.630667 3000
0.631  -nan 0.631 3000
0.631333  -nan 0.631333 3000
0.631667  -nan 0.631667 3000
0.632  -nan 0.632 3000
0.632333  -nan 0.632333 3000
0.632667  -nan 0.632667 3000
0.633  -nan 0.633 3000
0.633333  -nan 0.633333 3000
0.633667  -nan 0.633667 3000
0.634  -nan 0.634 3000
0.634333  -nan 0.634333 3000
0.634667  -nan 0.634667 3000
0.635  -nan 0.635 3000
0.635333  -nan 0.635333 3000
0.635667  -nan 0.635667 3000
0.636  -nan 0.636 3000
0.636333  -nan 0.636333 3000
0.636667  -nan 0.636667 3000
0.637  -nan 0.637 3000
0.637333  -nan 0.637333 3000
0.637667  -nan 0.637667 3000
0.638  -nan 0.638 3000
0.638333  -nan 0.638333 3000
0.638667  -nan 0.638667 3000
0.639  -nan 0.639 3000
0.639333  -nan 0.639333 3000
0.639667  -nan 0.639667 3000
0.64  -nan 0.64 3000
0.640333  -nan 0.640333 3000
0.640667  -nan 0.640667 3000
0.641  -nan 0.641 3000
0.641333  -nan 0.641333 3000
0.641667  -nan 0.641667 3000
0.642  -nan 0.642 3000
0.642333  -nan 0.642333 3000
0.642667  -nan 0.642667 3000
0.643  -nan 0.643 3000
0.643333  -nan 0.643333 3000
0.643667  -nan 0.643667 3000
0.644  -nan 0.644 3000
0.644333  -nan 0.644333 3000
0.644667  -nan 0.644667 3000
0.645  -nan 0.645 3000
0.645333  -nan 0.645333 3000
0.645667  -nan 0.645667 3000
0.646  -nan 0.646 3000
0.646333  -nan 0.646333 3000
0.646667  -nan 0.646667 3000
0.647  -nan 0.647 3000
0.647333  -nan 0.647333 3000
0.647667  -nan 0.647667 3000
0.648  -nan 0.648 3000
0.648333  -nan 0.648333 3000
0.648667  -nan 0.648667 3000
0.649  -nan 0.649 3000
0.649333  -nan 0.649333 3000
0.649667  -nan 0.649667 3000
0.65  -nan 0.65 3000
0.650333  -nan 0.650333 3000
0.650667  -nan 0.650667 3000
0.651  -nan 0.651 3000
0.651333  -nan 0.651333 3000
0.651667  -nan 0.651667 3000
0.652  -nan 0.652 3000
0.652333  -nan 0.652333 3000
0.652667  -nan 0.652667 3000
0.653  -nan 0.653 3000
0.653333  -nan 0.653333 3000
0.653667  -nan 0.653667 3000
0.654  -nan 0.654 3000
0.654333  -nan 0.654333 3000
0.654667  -nan 0.654667 3000
0.655  -nan 0.655 3000
0.655333  -nan 0.655333 3000
0.655667  -nan 0.655667 3000
0.656  -nan 0.656 3000
0.656333  -nan 0.656333 3000
0.656667  -nan 0.656667 3000
0.657  -nan 0.657 3000
0.657333  -nan 0.657333 3000
0.657667  -nan 0.657667 3000
0.658  -nan 0.658 3000
0.658333  -nan 0.658333 3000
0.658667  -nan 0.658667 3000
0.659  -nan 0.659 3000
0.659333  -nan 0.659333 3000
0.659667  -nan 0.659667 3000
0.66  -nan 0.66 3000
0.660333  -nan 0.660333 3000
0.660667  -nan 0.660667 3000
0.661  -nan 0.661 3000
0.661333  -nan 0.661333 3000
0.661667  -nan 0.661667 3000
0.662  -nan 0.662 3000
0.662333  -nan 0.662333 3000
0.662667  -nan 0.662667 3000
0.663  -nan 0.663 3000
0.663333  -nan 0.663333 3000
0.663667  -nan 0.663667 3000
0.664  -nan 0.664 3000
0.664333  -nan 0.664333 3000
0.664667  -nan 0.664667 3000
0.665  -nan 0.665 3000
0.665333  -nan 0.665333 3000
0.665667  -nan 0.665667 3000
0.666  -nan 0.666 3000
0.666333  -nan 0.666333 3000
0.666667  -nan 0.666667 3000
0.667  -nan 0.667 3000
0.667333  -nan 0.667333 3000
0.667667  -nan 0.667667 3000
0.668  -nan 0.668 3000
0.668333  -nan 0.668333 3000
0.668667  -nan 0.668667 3000
0.669  -nan 0.669 3000
0.669333  -nan 0.669333 3000
0.669667  -nan 0.669667 3000
0.67  -nan 0.67 3000
0.670333  -nan 0.670333 3000
0.670667  -nan 0.670667 3000
0.671  -nan 0.671 3000
0.671333  -nan 0.671333 3000
0.671667  -nan 0.671667 3000
0.672  -nan 0.672 3000
0.672333  -nan 0.672333 3000
0.672667  -nan 0.672667 3000
0.673  -nan 0.673 3000
0.673333  -nan 0.673333 3000
0.673667  -nan 0.673667 3000
0.674  -nan 0.674 3000
0.674333  -nan 0.674333 3000
0.674667  -nan 0.674667 3000
0.675  -nan 0.675 3000
0.675333  -nan 0.675333 3000
0.675667  -nan 0.675667 3000
0.676  -nan 0.676 3000
0.676333  -nan 0.676333 3000
0.676667  -nan 0.676667 3000
0.677  -nan 0.677 3000
0.677333  -nan 0.677333 3000
0.677667  -nan 0.677667 3000
0.678  -nan 0.678 3000
0.678333  -nan 0.678333 3000
0.678667  -nan 0.678667 3000
0.679  -nan 0.679 3000
0.679333  -nan 0.679333 3000
0.679667  -nan 0.679667 3000
0.68  -nan 0.68 3000
0.680333  -nan 0.680333 3000
0.680667  -nan 0.680667 3000
0.681  -nan 0.681 3000
0.681333  -nan 0.681333 3000
0.681667  -nan 0.681667 3000
0.682  -nan 0.682 3000
0.682333  -nan 0.682333 3000
0.682667  -nan 0.682667 3000
0.683  -nan 0.683 3000
0.683333  -nan 0.683333 3000
0.683667  -nan 0.683667 3000
0.684  -nan 0.684 3000
0.684333  -nan 0.684333 3000
0.684667  -nan 0.684667 3000
0.685  -nan 0.685 3000
0.685333  -nan 0.685333 3000
0.685667  -nan 0.685667 3000
0.686  -nan 0.686 3000
0.686333  -nan 0.686333 3000
0.686667  -nan 0.686667 3000
0.687  -nan 0.687 3000
0.687333  -nan 0.687333 3000
0.687667  -nan 0.687667 3000
0.688  -nan 0.688 3000
0.688333  -nan 0.688333 3000
0.688667  -nan 0.688667 3000
0.689  -nan 0.689 3000
0.689333  -nan 0.689333 3000
0.689667  -nan 0.689667 3000
0.69  -nan 0.69 3000
0.690333  -nan 0.690333 3000
0.690667  -nan 0.690667 3000
0.691  -nan 0.691 3000
0.691333  -nan 0.691333 3000
0.691667  -nan 0.691667 3000
0.692  -nan 0.692 3000
0.692333  -nan 0.692333 3000
0.692667  -nan 0.692667 3000
0.693  -nan 0.693 3000
0.693333  -nan 0.693333 3000
0.693667  -nan 0.693667 3000
0.694  -nan 0.694 3000
0.694333  -nan 0.694333 3000
0.694667  -nan 0.694667 3000
0.695  -nan 0.695 3000
0.695333  -nan 0.695333 3000
0.695667  -nan 0.695667 3000
0.696  -nan 0.696 3000
0.696333  -nan 0.696333 3000
0.696667  -nan 0.696667 3000
0.697  -nan 0.697 3000
0.697333  -nan 0.697333 3000
0.697667  -nan 0.697667 3000
0.698  -nan 0.698 3000
0.698333  -nan 0.698333 3000
0.698667  -nan 0.698667 3000
0.699  -nan 0.699 3000
0.699333  -nan 0.699333 3000
0.699667  -nan 0.699667 3000
0.7  -nan 0.7 3000
0.700333  -nan 0.700333 3000
0.700667  -nan 0.700667 3000
0.701  -nan 0.701 3000
0.701333  -nan 0.701333 3000
0.701667  -nan 0.701667 3000
0.702  -nan 0.702 3000
0.702333  -nan 0.702333 3000
0.702667  -nan 0.702667 3000
0.703  -nan 0.703 3000
0.703333  -nan 0.703333 3000
0.703667  -nan 0.703667 3000
0.704  -nan 0.704 3000
0.704333  -nan 0.704333 3000
0.704667  -nan 0.704667 3000
0.705  -nan 0.705 3000
0.705333  -nan 0.705333 3000
0.705667  -nan 0.705667 3000
0.706  -nan 0.706 3000
0.706333  -nan 0.706333 3000
0.706667  -nan 0.706667 3000
0.707  -nan 0.707 3000
0.707333  -nan 0.707333 3000
0.707667  -nan 0.707667 3000
0.708  -nan 0.708 3000
0.708333  -nan 0.708333 3000
0.708667  -nan 0.708667 3000
0.709  -nan 0.709 3000
0.709333  -nan 0.709333 3000
0.709667  -nan 0.709667 3000
0.71  -nan 0.71 3000
0.710333  -nan 0.710333 3000
0.710667  -nan 0.710667 3000
0.711  -nan 0.711 3000
0.711333  -nan 0.711333 3000
0.711667  -nan 0.711667 3000
0.712  -nan 0.712 3000
0.712333  -nan 0.712333 3000
0.712667  -nan 0.712667 3000
0.713  -nan 0.713 3000
0.713333  -nan 0.713333 3000
0.713667  -nan 0.713667 3000
0.714  -nan 0.714 3000
0.714333  -nan 0.714333 3000
0.714667  -nan 0.714667 3000
0.715  -nan 0.715 3000
0.715333  -nan 0.715333 3000
0.715667  -nan 0.715667 3000
0.716  -nan 0.716 3000
0.716333  -nan 0.716333 3000
0.716667  -nan 0.716667 3000
0.717  -nan 0.717 3000
0.717333  -nan 0.717333 3000
0.717667  -nan 0.717667 3000
0.718  -nan 0.718 3000
0.718333  -nan 0.718333 3000
0.718667  -nan 0.718667 3000
0.719  -nan 0.719 3000
0.719333  -nan 0.719333 3000
0.719667  -nan 0.719667 3000
0.72  -nan 0.72 3000
0.720333  -nan 0.720333 3000
0.720667  -nan 0.720667 3000
0.721  -nan 0.721 3000
0.721333  -nan 0.721333 3000
0.721667  -nan 0.721667 3000
0.722  -nan 0.722 3000
0.722333  -nan 0.722333 3000
0.722667  -nan 0.722667 3000
0.723  -nan 0.723 3000
0.723333  -nan 0.723333 3000
0.723667  -nan 0.723667 3000
0.724  -nan 0.724 3000
0.724333  -nan 0.724333 3000
0.724667  -nan 0.724667 3000
0.725  -nan 0.725 3000
0.725333  -nan 0.725333 3000
0.725667  -nan 0.725667 3000
0.726  -nan 0.726 3000
0.726333  -nan 0.726333 3000
0.726667  -nan 0.726667 3000
0.727  -nan 0.727 3000
0.727333  -nan 0.727333 3000
0.727667  -nan 0.727667 3000
0.728  -nan 0.728 3000
0.728333  -nan 0.728333 3000
0.728667  -nan 0.728667 3000
0.729  -nan 0.729 3000
0.729333  -nan 0.729333 3000
0.729667  -nan 0.729667 3000
0.73  -nan 0.73 3000
0.730333  -nan 0.730333 3000
0.730667  -nan 0.730667 3000
0.731  -nan 0.731 3000
0.731333  -nan 0.731333 3000
0.731667  -nan 0.731667 3000
0.732  -nan 0.732 3000
0.732333  -nan 0.732333 3000
0.732667  -nan 0.732667 3000
0.733  -nan 0.733 3000
0.733333  -nan 0.733333 3000
0.733667  -nan 0.733667 3000
0.734  -nan 0.734 3000
0.734333  -nan 0.734333 3000
0.734667  -nan 0.734667 3000
0.735  -nan 0.735 3000
0.735333  -nan 0.735333 3000
0.735667  -nan 0.735667 3000
0.736  -nan 0.736 3000
0.736333  -nan 0.736333 3000
0.736667  -nan 0.736667 3000
0.737  -nan 0.737 3000
0.737333  -nan 0.737333 3000
0.737667  -nan 0.737667 3000
0.738  -nan 0.738 3000
0.738333  -nan 0.738333 3000
0.738667  -nan 0.738667 3000
0.739  -nan 0.739 3000
0.739333  -nan 0.739333 3000
0.739667  -nan 0.739667 3000
0.74  -nan 0.74 3000
0.740333  -nan 0.740333 3000
0.740667  -nan 0.740667 3000
0.741  -nan 0.741 3000
0.741333  -nan 0.741333 3000
0.741667  -nan 0.741667 3000
0.742  -nan 0.742 3000
0.742333  -nan 0.742333 3000
0.742667  -nan 0.742667 3000
0.743  -nan 0.743 3000
0.743333  -nan 0.743333 3000
0.743667  -nan 0.743667 3000
0.744  -nan 0.744 3000
0.744333  -nan 0.744333 3000
0.744667  -nan 0.744667 3000
0.745  -nan 0.745 3000
0.745333  -nan 0.745333 3000
0.745667  -nan 0.745667 3000
0.746  -nan 0.746 3000
0.746333  -nan 0.746333 3000
0.746667  -nan 0.746667 3000
0.747  -nan 0.747 3000
0.747333  -nan 0.747333 3000
0.747667  -nan 0.747667 3000
0.748  -nan 0.748 3000
0.748333  -nan 0.748333 3000
0.748667  -nan 0.748667 3000
0.749  -nan 0.749 3000
0.749333  -nan 0.749333 3000
0.749667  -nan 0.749667 3000
0.75  -nan 0.75 3000
0.750333  -nan 0.750333 3000
0.750667  -nan 0.750667 3000
0.751  -nan 0.751 3000
0.751333  -nan 0.751333 3000
0.751667  -nan 0.751667 3000
0.752  -nan 0.752 3000
0.752333  -nan 0.752333 3000
0.752667  -nan 0.752667 3000
0.753  -nan 0.753 3000
0.753333  -nan 0.753333 3000
0.753667  -nan 0.753667 3000
0.754  -nan 0.754 3000
0.754333  -nan 0.754333 3000
0.754667  -nan 0.754667 3000
0.755  -nan 0.755 3000
0.755333  -nan 0.755333 3000
0.755667  -nan 0.755667 3000
0.756  -nan 0.756 3000
0.756333  -nan 0.756333 3000
0.756667  -nan 0.756667 3000
0.757  -nan 0.757 3000
0.757333  -nan 0.757333 3000
0.757667  -nan 0.757667 3000
0.758  -nan 0.758 3000
0.758333  -nan 0.758333 3000
0.758667  -nan 0.758667 3000
0.759  -nan 0.759 3000
0.759333  -nan 0.759333 3000
0.759667  -nan 0.759667 3000
0.76  -nan 0.76 3000
0.760333  -nan 0.760333 3000
0.760667  -nan 0.760667 3000
0.761  -nan 0.761 3000
0.761333  -nan 0.761333 3000
0.761667  -nan 0.761667 3000
0.762  -nan 0.762 3000
0.762333  -nan 0.762333 3000
0.762667  -nan 0.762667 3000
0.763  -nan 0.763 3000
0.763333  -nan 0.763333 3000
0.763667  -nan 0.763667 3000
0.764  -nan 0.764 3000
0.764333  -nan 0.764333 3000
0.764667  -nan 0.764667 3000
0.765  -nan 0.765 3000
0.765333  -nan 0.765333 3000
0.765667  -nan 0.765667 3000
0.766  -nan 0.766 3000
0.766333  -nan 0.766333 3000
0.766667  -nan 0.766667 3000
0.767  -nan 0.767 3000
0.767333  -nan 0.767333 3000
0.767667  -nan 0.767667 3000
0.768  -nan 0.768 3000
0.768333  -nan 0.768333 3000
0.768667  -nan 0.768667 3000
0.769  -nan 0.769 3000
0.769333  -nan 0.769333 3000
0.769667  -nan 0.769667 3000
0.77  -nan 0.77 3000
0.770333  -nan 0.770333 3000
0.770667  -nan 0.770667 3000
0.771  -nan 0.771 3000
0.771333  -nan 0.771333 3000
0.771667  -nan 0.771667 3000
0.772  -nan 0.772 3000
0.772333  -nan 0.772333 3000
0.772667  -nan 0.772667 3000
0.773  -nan 0.773 3000
0.773333  -nan 0.773333 3000
0.773667  -nan 0.773667 3000
0.774  -nan 0.774 3000
0.774333  -nan 0.774333 3000
0.774667  -nan 0.774667 3000
0.775  -nan 0.775 3000
0.775333  -nan 0.775333 3000
0.775667  -nan 0.775667 3000
0.776  -nan 0.776 3000
0.776333  -nan 0.776333 3000
0.776667  -nan 0.776667 3000
0.777  -nan 0.777 3000
0.777333  -nan 0.777333 3000
0.777667  -nan 0.777667 3000
0.778  -nan 0.778 3000
0.778333  -nan 0.778333 3000
0.778667  -nan 0.778667 3000
0.779  -nan 0.779 3000
0.779333  -nan 0.779333 3000
0.779667  -nan 0.779667 3000
0.78  -nan 0.78 3000
0.780333  -nan 0.780333 3000
0.780667  -nan 0.780667 3000
0.781  -nan 0.781 3000
0.781333  -nan 0.781333 3000
0.781667  -nan 0.781667 3000
0.782  -nan 0.782 3000
0.782333  -nan 0.782333 3000
0.782667  -nan 0.782667 3000
0.783  -nan 0.783 3000
0.783333  -nan 0.783333 3000
0.783667  -nan 0.783667 3000
0.784  -nan 0.784 3000
0.784333  -nan 0.784333 3000
0.784667  -nan 0.784667 3000
0.785  -nan 0.785 3000
0.785333  -nan 0.785333 3000
0.785667  -nan 0.785667 3000
0.786  -nan 0.786 3000
0.786333  -nan 0.786333 3000
0.786667  -nan 0.786667 3000
0.787  -nan 0.787 3000
0.787333  -nan 0.787333 3000
0.787667  -nan 0.787667 3000
0.788  -nan 0.788 3000
0.788333  -nan 0.788333 3000
0.788667  -nan 0.788667 3000
0.789  -nan 0.789 3000
0.789333  -nan 0.789333 3000
0.789667  -nan 0.789667 3000
0.79  -nan 0.79 3000
0.790333  -nan 0.790333 3000
0.790667  -nan 0.790667 3000
0.791  -nan 0.791 3000
0.791333  -nan 0.791333 3000
0.791667  -nan 0.791667 3000
0.792  -nan 0.792 3000
0.792333  -nan 0.792333 3000
0.792667  -nan 0.792667 3000
0.793  -nan 0.793 3000
0.793333  -nan 0.793333 3000
0.793667  -nan 0.793667 3000
0.794  -nan 0.794 3000
0.794333  -nan 0.794333 3000
0.794667  -nan 0.794667 3000
0.795  -nan 0.795 3000
0.795333  -nan 0.795333 3000
0.795667  -nan 0.795667 3000
0.796  -nan 0.796 3000
0.796333  -nan 0.796333 3000
0.796667  -nan 0.796667 3000
0.797  -nan 0.797 3000
0.797333  -nan 0.797333 3000
0.797667  -nan 0.797667 3000
0.798  -nan 0.798 3000
0.798333  -nan 0.798333 3000
0.798667  -nan 0.798667 3000
0.799  -nan 0.799 3000
0.799333  -nan 0.799333 3000
0.799667  -nan 0.799667 3000
0.8  -nan 0.8 3000
0.800333  -nan 0.800333 3000
0.800667  -nan 0.800667 3000
0.801  -nan 0.801 3000
0.801333  -nan 0.801333 3000
0.801667  -nan 0.801667 3000
0.802  -nan 0.802 3000
0.802333  -nan 0.802333 3000
0.802667  -nan 0.802667 3000
0.803  -nan 0.803 3000
0.803333  -nan 0.803333 3000
0.803667  -nan 0.803667 3000
0.804  -nan 0.804 3000
0.804333  -nan 0.804333 3000
0.804667  -nan 0.804667 3000
0.805  -nan 0.805 3000
0.805333  -nan 0.805333 3000
0.805667  -nan 0.805667 3000
0.806  -nan 0.806 3000
0.806333  -nan 0.806333 3000
0.806667  -nan 0.806667 3000
0.807  -nan 0.807 3000
0.807333  -nan 0.807333 3000
0.807667  -nan 0.807667 3000
0.808  -nan 0.808 3000
0.808333  -nan 0.808333 3000
0.808667  -nan 0.808667 3000
0.809  -nan 0.809 3000
0.809333  -nan 0.809333 3000
0.809667  -nan 0.809667 3000
0.81  -nan 0.81 3000
0.810333  -nan 0.810333 3000
0.810667  -nan 0.810667 3000
0.811  -nan 0.811 3000
0.811333  -nan 0.811333 3000
0.811667  -nan 0.811667 3000
0.812  -nan 0.812 3000
0.812333  -nan 0.812333 3000
0.812667  -nan 0.812667 3000
0.813  -nan 0.813 3000
0.813333  -nan 0.813333 3000
0.813667  -nan 0.813667 3000
0.814  -nan 0.814 3000
0.814333  -nan 0.814333 3000
0.814667  -nan 0.814667 3000
0.815  -nan 0.815 3000
0.815333  -nan 0.815333 3000
0.815667  -nan 0.815667 3000
0.816  -nan 0.816 3000
0.816333  -nan 0.816333 3000
0.816667  -nan 0.816667 3000
0.817  -nan 0.817 3000
0.817333  -nan 0.817333 3000
0.817667  -nan 0.817667 3000
0.818  -nan 0.818 3000
0.818333  -nan 0.818333 3000
0.818667  -nan 0.818667 3000
0.819  -nan 0.819 3000
0.819333  -nan 0.819333 3000
0.819667  -nan 0.819667 3000
0.82  -nan 0.82 3000
0.820333  -nan 0.820333 3000
0.820667  -nan 0.820667 3000
0.821  -nan 0.821 3000
0.821333  -nan 0.821333 3000
0.821667  -nan 0.821667 3000
0.822  -nan 0.822 3000
0.822333  -nan 0.822333 3000
0.822667  -nan 0.822667 3000
0.823  -nan 0.823 3000
0.823333  -nan 0.823333 3000
0.823667  -nan 0.823667 3000
0.824  -nan 0.824 3000
0.824333  -nan 0.824333 3000
0.824667  -nan 0.824667 3000
0.825  -nan 0.825 3000
0.825333  -nan 0.825333 3000
0.825667  -nan 0.825667 3000
0.826  -nan 0.826 3000
0.826333  -nan 0.826333 3000
0.826667  -nan 0.826667 3000
0.827  -nan 0.827 3000
0.827333  -nan 0.827333 3000
0.827667  -nan 0.827667 3000
0.828  -nan 0.828 3000
0.828333  -nan 0.828333 3000
0.828667  -nan 0.828667 3000
0.829  -nan 0.829 3000
0.829333  -nan 0.829333 3000
0.829667  -nan 0.829667 3000
0.83  -nan 0.83 3000
0.830333  -nan 0.830333 3000
0.830667  -nan 0.830667 3000
0.831  -nan 0.831 3000
0.831333  -nan 0.831333 3000
0.831667  -nan 0.831667 3000
0.832  -nan 0.832 3000
0.832333  -nan 0.832333 3000
0.832667  -nan 0.832667 3000
0.833  -nan 0.833 3000
0.833333  -nan 0.833333 3000
0.833667  -nan 0.833667 3000
0.834  -nan 0.834 3000
0.834333  -nan 0.834333 3000
0.834667  -nan 0.834667 3000
0.835  -nan 0.835 3000
0.835333  -nan 0.835333 3000
0.835667  -nan 0.835667 3000
0.836  -nan 0.836 3000
0.836333  -nan 0.836333 3000
0.836667  -nan 0.836667 3000
0.837  -nan 0.837 3000
0.837333  -nan 0.837333 3000
0.837667  -nan 0.837667 3000
0.838  -nan 0.838 3000
0.838333  -nan 0.838333 3000
0.838667  -nan 0.838667 3000
0.839  -nan 0.839 3000
0.839333  -nan 0.839333 3000
0.839667  -nan 0.839667 3000
0.84  -nan 0.84 3000
0.840333  -nan 0.840333 3000
0.840667  -nan 0.840667 3000
0.841  -nan 0.841 3000
0.841333  -nan 0.841333 3000
0.841667  -nan 0.841667 3000
0.842  -nan 0.842 3000
0.842333  -nan 0.842333 3000
0.842667  -nan 0.842667 3000
0.843  -nan 0.843 3000
0.843333  -nan 0.843333 3000
0.843667  -nan 0.843667 3000
0.844  -nan 0.844 3000
0.844333  -nan 0.844333 3000
0.844667  -nan 0.844667 3000
0.845  -nan 0.845 3000
0.845333  -nan 0.845333 3000
0.845667  -nan 0.845667 3000
0.846  -nan 0.846 3000
0.846333  -nan 0.846333 3000
0.846667  -nan 0.846667 3000
0.847  -nan 0.847 3000
0.847333  -nan 0.847333 3000
0.847667  -nan 0.847667 3000
0.848  -nan 0.848 3000
0.848333  -nan 0.848333 3000
0.848667  -nan 0.848667 3000
0.849  -nan 0.849 3000
0.849333  -nan 0.849333 3000
0.849667  -nan 0.849667 3000
0.85  -nan 0.85 3000
0.850333  -nan 0.850333 3000
0.850667  -nan 0.850667 3000
0.851  -nan 0.851 3000
0.851333  -nan 0.851333 3000
0.851667  -nan 0.851667 3000
0.852  -nan 0.852 3000
0.852333  -nan 0.852333 3000
0.852667  -nan 0.852667 3000
0.853  -nan 0.853 3000
0.853333  -nan 0.853333 3000
0.853667  -nan 0.853667 3000
0.854  -nan 0.854 3000
0.854333  -nan 0.854333 3000
0.854667  -nan 0.854667 3000
0.855  -nan 0.855 3000
0.855333  -nan 0.855333 3000
0.855667  -nan 0.855667 3000
0.856  -nan 0.856 3000
0.856333  -nan 0.856333 3000
0.856667  -nan 0.856667 3000
0.857  -nan 0.857 3000
0.857333  -nan 0.857333 3000
0.857667  -nan 0.857667 3000
0.858  -nan 0.858 3000
0.858333  -nan 0.858333 3000
0.858667  -nan 0.858667 3000
0.859  -nan 0.859 3000
0.859333  -nan 0.859333 3000
0.859667  -nan 0.859667 3000
0.86  -nan 0.86 3000
0.860333  -nan 0.860333 3000
0.860667  -nan 0.860667 3000
0.861  -nan 0.861 3000
0.861333  -nan 0.861333 3000
0.861667  -nan 0.861667 3000
0.862  -nan 0.862 3000
0.862333  -nan 0.862333 3000
0.862667  -nan 0.862667 3000
0.863  -nan 0.863 3000
0.863333  -nan 0.863333 3000
0.863667  -nan 0.863667 3000
0.864  -nan 0.864 3000
0.864333  -nan 0.864333 3000
0.864667  -nan 0.864667 3000
0.865  -nan 0.865 3000
0.865333  -nan 0.865333 3000
0.865667  -nan 0.865667 3000
0.866  -nan 0.866 3000
0.866333  -nan 0.866333 3000
0.866667  -nan 0.866667 3000
0.867  -nan 0.867 3000
0.867333  -nan 0.867333 3000
0.867667  -nan 0.867667 3000
0.868  -nan 0.868 3000
0.868333  -nan 0.868333 3000
0.868667  -nan 0.868667 3000
0.869  -nan 0.869 3000
0.869333  -nan 0.869333 3000
0.869667  -nan 0.869667 3000
0.87  -nan 0.87 3000
0.870333  -nan 0.870333 3000
0.870667  -nan 0.870667 3000
0.871  -nan 0.871 3000
0.871333  -nan 0.871333 3000
0.871667  -nan 0.871667 3000
0.872  -nan 0.872 3000
0.872333  -nan 0.872333 3000
0.872667  -nan 0.872667 3000
0.873  -nan 0.873 3000
0.873333  -nan 0.873333 3000
0.873667  -nan 0.873667 3000
0.874  -nan 0.874 3000
0.874333  -nan 0.874333 3000
0.874667  -nan 0.874667 3000
0.875  -nan 0.875 3000
0.875333  -nan 0.875333 3000
0.875667  -nan 0.875667 3000
0.876  -nan 0.876 3000
0.876333  -nan 0.876333 3000
0.876667  -nan 0.876667 3000
0.877  -nan 0.877 3000
0.877333  -nan 0.877333 3000
0.877667  -nan 0.877667 3000
0.878  -nan 0.878 3000
0.878333  -nan 0.878333 3000
0.878667  -nan 0.878667 3000
0.879  -nan 0.879 3000
0.879333  -nan 0.879333 3000
0.879667  -nan 0.879667 3000
0.88  -nan 0.88 3000
0.880333  -nan 0.880333 3000
0.880667  -nan 0.880667 3000
0.881  -nan 0.881 3000
0.881333  -nan 0.881333 3000
0.881667  -nan 0.881667 3000
0.882  -nan 0.882 3000
0.882333  -nan 0.882333 3000
0.882667  -nan 0.882667 3000
0.883  -nan 0.883 3000
0.883333  -nan 0.883333 3000
0.883667  -nan 0.883667 3000
0.884  -nan 0.884 3000
0.884333  -nan 0.884333 3000
0.884667  -nan 0.884667 3000
0.885  -nan 0.885 3000
0.885333  -nan 0.885333 3000
0.885667  -nan 0.885667 3000
0.886  -nan 0.886 3000
0.886333  -nan 0.886333 3000
0.886667  -nan 0.886667 3000
0.887  -nan 0.887 3000
0.887333  -nan 0.887333 3000
0.887667  -nan 0.887667 3000
0.888  -nan 0.888 3000
0.888333  -nan 0.888333 3000
0.888667  -nan 0.888667 3000
0.889  -nan 0.889 3000
0.889333  -nan 0.889333 3000
0.889667  -nan 0.889667 3000
0.89  -nan 0.89 3000
0.890333  -nan 0.890333 3000
0.890667  -nan 0.890667 3000
0.891  -nan 0.891 3000
0.891333  -nan 0.891333 3000
0.891667  -nan 0.891667 3000
0.892  -nan 0.892 3000
0.892333  -nan 0.892333 3000
0.892667  -nan 0.892667 3000
0.893  -nan 0.893 3000
0.893333  -nan 0.893333 3000
0.893667  -nan 0.893667 3000
0.894  -nan 0.894 3000
0.894333  -nan 0.894333 3000
0.894667  -nan 0.894667 3000
0.895  -nan 0.895 3000
0.895333  -nan 0.895333 3000
0.895667  -nan 0.895667 3000
0.896  -nan 0.896 3000
0.896333  -nan 0.896333 3000
0.896667  -nan 0.896667 3000
0.897  -nan 0.897 3000
0.897333  -nan 0.897333 3000
0.897667  -nan 0.897667 3000
0.898  -nan 0.898 3000
0.898333  -nan 0.898333 3000
0.898667  -nan 0.898667 3000
0.899  -nan 0.899 3000
0.899333  -nan 0.899333 3000
0.899667  -nan 0.899667 3000
0.9  -nan 0.9 3000
0.900333  -nan 0.900333 3000
0.900667  -nan 0.900667 3000
0.901  -nan 0.901 3000
0.901333  -nan 0.901333 3000
0.901667  -nan 0.901667 3000
0.902  -nan 0.902 3000
0.902333  -nan 0.902333 3000
0.902667  -nan 0.902667 3000
0.903  -nan 0.903 3000
0.903333  -nan 0.903333 3000
0.903667  -nan 0.903667 3000
0.904  -nan 0.904 3000
0.904333  -nan 0.904333 3000
0.904667  -nan 0.904667 3000
0.905  -nan 0.905 3000
0.905333  -nan 0.905333 3000
0.905667  -nan 0.905667 3000
0.906  -nan 0.906 3000
0.906333  -nan 0.906333 3000
0.906667  -nan 0.906667 3000
0.907  -nan 0.907 3000
0.907333  -nan 0.907333 3000
0.907667  -nan 0.907667 3000
0.908  -nan 0.908 3000
0.908333  -nan 0.908333 3000
0.908667  -nan 0.908667 3000
0.909  -nan 0.909 3000
0.909333  -nan 0.909333 3000
0.909667  -nan 0.909667 3000
0.91  -nan 0.91 3000
0.910333  -nan 0.910333 3000
0.910667  -nan 0.910667 3000
0.911  -nan 0.911 3000
0.911333  -nan 0.911333 3000
0.911667  -nan 0.911667 3000
0.912  -nan 0.912 3000
0.912333  -nan 0.912333 3000
0.912667  -nan 0.912667 3000
0.913  -nan 0.913 3000
0.913333  -nan 0.913333 3000
0.913667  -nan 0.913667 3000
0.914  -nan 0.914 3000
0.914333  -nan 0.914333 3000
0.914667  -nan 0.914667 3000
0.915  -nan 0.915 3000
0.915333  -nan 0.915333 3000
0.915667  -nan 0.915667 3000
0.916  -nan 0.916 3000
0.916333  -nan 0.916333 3000
0.916667  -nan 0.916667 3000
0.917  -nan 0.917 3000
0.917333  -nan 0.917333 3000
0.917667  -nan 0.917667 3000
0.918  -nan 0.918 3000
0.918333  -nan 0.918333 3000
0.918667  -nan 0.918667 3000
0.919  -nan 0.919 3000
0.919333  -nan 0.919333 3000
0.919667  -nan 0.919667 3000
0.92  -nan 0.92 3000
0.920333  -nan 0.920333 3000
0.920667  -nan 0.920667 3000
0.921  -nan 0.921 3000
0.921333  -nan 0.921333 3000
0.921667  -nan 0.921667 3000
0.922  -nan 0.922 3000
0.922333  -nan 0.922333 3000
0.922667  -nan 0.922667 3000
0.923  -nan 0.923 3000
0.923333  -nan 0.923333 3000
0.923667  -nan 0.923667 3000
0.924  -nan 0.924 3000
0.924333  -nan 0.924333 3000
0.924667  -nan 0.924667 3000
0.925  -nan 0.925 3000
0.925333  -nan 0.925333 3000
0.925667  -nan 0.925667 3000
0.926  -nan 0.926 3000
0.926333  -nan 0.926333 3000
0.926667  -nan 0.926667 3000
0.927  -nan 0.927 3000
0.927333  -nan 0.927333 3000
0.927667  -nan 0.927667 3000
0.928  -nan 0.928 3000
0.928333  -nan 0.928333 3000
0.928667  -nan 0.928667 3000
0.929  -nan 0.929 3000
0.929333  -nan 0.929333 3000
0.929667  -nan 0.929667 3000
0.93  -nan 0.93 3000
0.930333  -nan 0.930333 3000
0.930667  -nan 0.930667 3000
0.931  -nan 0.931 3000
0.931333  -nan 0.931333 3000
0.931667  -nan 0.931667 3000
0.932  -nan 0.932 3000
0.932333  -nan 0.932333 3000
0.932667  -nan 0.932667 3000
0.933  -nan 0.933 3000
0.933333  -nan 0.933333 3000
0.933667  -nan 0.933667 3000
0.934  -nan 0.934 3000
0.934333  -nan 0.934333 3000
0.934667  -nan 0.934667 3000
0.935  -nan 0.935 3000
0.935333  -nan 0.935333 3000
0.935667  -nan 0.935667 3000
0.936  -nan 0.936 3000
0.936333  -nan 0.936333 3000
0.936667  -nan 0.936667 3000
0.937  -nan 0.937 3000
0.937333  -nan 0.937333 3000
0.937667  -nan 0.937667 3000
0.938  -nan 0.938 3000
0.938333  -nan 0.938333 3000
0.938667  -nan 0.938667 3000
0.939  -nan 0.939 3000
0.939333  -nan 0.939333 3000
0.939667  -nan 0.939667 3000
0.94  -nan 0.94 3000
0.940333  -nan 0.940333 3000
0.940667  -nan 0.940667 3000
0.941  -nan 0.941 3000
0.941333  -nan 0.941333 3000
0.941667  -nan 0.941667 3000
0.942  -nan 0.942 3000
0.942333  -nan 0.942333 3000
0.942667  -nan 0.942667 3000
0.943  -nan 0.943 3000
0.943333  -nan 0.943333 3000
0.943667  -nan 0.943667 3000
0.944  -nan 0.944 3000
0.944333  -nan 0.944333 3000
0.944667  -nan 0.944667 3000
0.945  -nan 0.945 3000
0.945333  -nan 0.945333 3000
0.945667  -nan 0.945667 3000
0.946  -nan 0.946 3000
0.946333  -nan 0.946333 3000
0.946667  -nan 0.946667 3000
0.947  -nan 0.947 3000
0.947333  -nan 0.947333 3000
0.947667  -nan 0.947667 3000
0.948  -nan 0.948 3000
0.948333  -nan 0.948333 3000
0.948667  -nan 0.948667 3000
0.949  -nan 0.949 3000
0.949333  -nan 0.949333 3000
0.949667  -nan 0.949667 3000
0.95  -nan 0.95 3000
0.950333  -nan 0.950333 3000
0.950667  -nan 0.950667 3000
0.951  -nan 0.951 3000
0.951333  -nan 0.951333 3000
0.951667  -nan 0.951667 3000
0.952  -nan 0.952 3000
0.952333  -nan 0.952333 3000
0.952667  -nan 0.952667 3000
0.953  -nan 0.953 3000
0.953333  -nan 0.953333 3000
0.953667  -nan 0.953667 3000
0.954  -nan 0.954 3000
0.954333  -nan 0.954333 3000
0.954667  -nan 0.954667 3000
0.955  -nan 0.955 3000
0.955333  -nan 0.955333 3000
0.955667  -nan 0.955667 3000
0.956  -nan 0.956 3000
0.956333  -nan 0.956333 3000
0.956667  -nan 0.956667 3000
0.957  -nan 0.957 3000
0.957333  -nan 0.957333 3000
0.957667  -nan 0.957667 3000
0.958  -nan 0.958 3000
0.958333  -nan 0.958333 3000
0.958667  -nan 0.958667 3000
0.959  -nan 0.959 3000
0.959333  -nan 0.959333 3000
0.959667  -nan 0.959667 3000
0.96  -nan 0.96 3000
0.960333  -nan 0.960333 3000
0.960667  -nan 0.960667 3000
0.961  -nan 0.961 3000
0.961333  -nan 0.961333 3000
0.961667  -nan 0.961667 3000
0.962  -nan 0.962 3000
0.962333  -nan 0.962333 3000
0.962667  -nan 0.962667 3000
0.963  -nan 0.963 3000
0.963333  -nan 0.963333 3000
0.963667  -nan 0.963667 3000
0.964  -nan 0.964 3000
0.964333  -nan 0.964333 3000
0.964667  -nan 0.964667 3000
0.965  -nan 0.965 3000
0.965333  -nan 0.965333 3000
0.965667  -nan 0.965667 3000
0.966  -nan 0.966 3000
0.966333  -nan 0.966333 3000
0.966667  -nan 0.966667 3000
0.967  -nan 0.967 3000
0.967333  -nan 0.967333 3000
0.967667  -nan 0.967667 3000
0.968  -nan 0.968 3000
0.968333  -nan 0.968333 3000
0.968667  -nan 0.968667 3000
0.969  -nan 0.969 3000
0.969333  -nan 0.969333 3000
0.969667  -nan 0.969667 3000
0.97  -nan 0.97 3000
0.970333  -nan 0.970333 3000
0.970667  -nan 0.970667 3000
0.971  -nan 0.971 3000
0.971333  -nan 0.971333 3000
0.971667  -nan 0.971667 3000
0.972  -nan 0.972 3000
0.972333  -nan 0.972333 3000
0.972667  -nan 0.972667 3000
0.973  -nan 0.973 3000
0.973333  -nan 0.973333 3000
0.973667  -nan 0.973667 3000
0.974  -nan 0.974 3000
0.974333  -nan 0.974333 3000
0.974667  -nan 0.974667 3000
0.975  -nan 0.975 3000
0.975333  -nan 0.975333 3000
0.975667  -nan 0.975667 3000
0.976  -nan 0.976 3000
0.976333  -nan 0.976333 3000
0.976667  -nan 0.976667 3000
0.977  -nan 0.977 3000
0.977333  -nan 0.977333 3000
0.977667  -nan 0.977667 3000
0.978  -nan 0.978 3000
0.978333  -nan 0.978333 3000
0.978667  -nan 0.978667 3000
0.979  -nan 0.979 3000
0.979333  -nan 0.979333 3000
0.979667  -nan 0.979667 3000
0.98  -nan 0.98 3000
0.980333  -nan 0.980333 3000
0.980667  -nan 0.980667 3000
0.981  -nan 0.981 3000
0.981333  -nan 0.981333 3000
0.981667  -nan 0.981667 3000
0.982  -nan 0.982 3000
0.982333  -nan 0.982333 3000
0.982667  -nan 0.982667 3000
0.983  -nan 0.983 3000
0.983333  -nan 0.983333 3000
0.983667  -nan 0.983667 3000
0.984  -nan 0.984 3000
0.984333  -nan 0.984333 3000
0.984667  -nan 0.984667 3000
0.985  -nan 0.985 3000
0.985333  -nan 0.985333 3000
0.985667  -nan 0.985667 3000
0.986  -nan 0.986 3000
0.986333  -nan 0.986333 3000
0.986667  -nan 0.986667 3000
0.987  -nan 0.987 3000
0.987333  -nan 0.987333 3000
0.987667  -nan 0.987667 3000
0.988  -nan 0.988 3000
0.988333  -nan 0.988333 3000
0.988667  -nan 0.988667 3000
0.989  -nan 0.989 3000
0.989333  -nan 0.989333 3000
0.989667  -nan 0.989667 3000
0.99  -nan 0.99 3000
0.990333  -nan 0.990333 3000
0.990667  -nan 0.990667 3000
0.991  -nan 0.991 3000
0.991333  -nan 0.991333 3000
0.991667  -nan 0.991667 3000
0.992  -nan 0.992 3000
0.992333  -nan 0.992333 3000
0.992667  -nan 0.992667 3000
0.993  -nan 0.993 3000
0.993333  -nan 0.993333 3000
0.993667  -nan 0.993667 3000
0.994  -nan 0.994 3000
0.994333  -nan 0.994333 3000
0.994667  -nan 0.994667 3000
0.995  -nan 0.995 3000
0.995333  -nan 0.995333 3000
0.995667  -nan 0.995667 3000
0.996  -nan 0.996 3000
0.996333  -nan 0.996333 3000
0.996667  -nan 0.996667 3000
0.997  -nan 0.997 3000
0.997333  -nan 0.997333 3000
0.997667  -nan 0.997667 3000
0.998  -nan 0.998 3000
0.998333  -nan 0.998333 3000
0.998667  -nan 0.998667 3000
0.999  -nan 0.999 3000
0.999333  -nan 0.999333 3000
0.999667  -nan 0.999667 3000
1  -nan 1 3000
