0  0 0 100
0.01  -5000 0.01 100
0.02  -2.45e+07 0.02 100
0.03  -1.20075e+11 0.03 100
0.04  -5.88485e+14 0.04 100
0.05  -2.88417e+18 0.05 100
0.06  -1.41353e+22 0.06 100
0.07  -6.92771e+25 0.07 100
0.08  -3.39527e+29 0.08 100
0.09  -1.66402e+33 0.09 100
0.1  -8.15537e+36 0.1 100
0.11  -3.99695e+40 0.11 100
0.12  -1.9589e+44 0.12 100
0.13  -9.60059e+47 0.13 100
0.14  -4.70525e+51 0.14 100
0.15  -2.30604e+55 0.15 100
0.16  -1.13019e+59 0.16 100
0.17  -5.53907e+62 0.17 100
0.18  -2.7147e+66 0.18 100
0.19  -1.33047e+70 0.19 100
0.2  -6.52065e+73 0.2 100
0.21  -3.19577e+77 0.21 100
0.22  -1.56625e+81 0.22 100
0.23  -7.67617e+84 0.23 100
0.24  -3.76209e+88 0.24 100
0.25  -1.8438e+92 0.25 100
0.26  -9.03647e+95 0.26 100
0.27  -4.42878e+99 0.27 100
0.28  -2.17054e+103 0.28 100
0.29  -1.06378e+107 0.29 100
0.3  -5.2136e+110 0.3 100
0.31  -2.55519e+114 0.31 100
0.32  -1.2523e+118 0.32 100
0.33  -6.13751e+121 0.33 100
0.34  -3.00799e+125 0.34 100
0.35  -1.47422e+129 0.35 100
0.36  -7.22514e+132 0.36 100
0.37  -3.54104e+136 0.37 100
0.38  -1.73546e+140 0.38 100
0.39  -8.5055e+143 0.39 100
0.4  -4.16855e+147 0.4 100
0.41  -2.04301e+151 0.41 100
0.42  -1.00128e+155 0.42 100
0.43  -4.90726e+158 0.43 100
0.44  -2.40505e+162 0.44 100
0.45  -1.17871e+166 0.45 100
0.46  -5.77688e+169 0.46 100
0.47  -2.83125e+173 0.47 100
0.48  -1.38759e+177 0.48 100
0.49  -6.8006e+180 0.49 100
0.5  -3.33297e+184 0.5 100
0.51  -1.63349e+188 0.51 100
0.52  -8.00574e+191 0.52 100
0.53  -3.92361e+195 0.53 100
0.54  -1.92296e+199 0.54 100
0.55  -9.42444e+202 0.55 100
0.56  -4.61892e+206 0.56 100
0.57  -2.26373e+210 0.57 100
0.58  -1.10945e+214 0.58 100
0.59  -5.43744e+217 0.59 100
0.6  -2.66489e+221 0.6 100
0.61  -1.30606e+225 0.61 100
0.62  -6.40101e+228 0.62 100
0.63  -3.13713e+232 0.63 100
0.64  -1.53751e+236 0.64 100
0.65  -7.53533e+239 0.65 100
0.66  -3.69307e+243 0.66 100
0.67  -1.80997e+247 0.67 100
0.68  -8.87067e+250 0.68 100
0.69  -4.34752e+254 0.69 100
0.7  -2.13072e+258 0.7 100
0.71  -1.04426e+262 0.71 100
0.72  -5.11794e+265 0.72 100
0.73  -2.5083e+269 0.73 100
0.74  -1.22932e+273 0.74 100
0.75  -6.02489e+276 0.75 100
0.76  -2.9528e+280 0.76 100
0.77  -1.44717e+284 0.77 100
0.78  -7.09257e+287 0.78 100
0.79  -3.47607e+291 0.79 100
0.8  -1.70362e+295 0.8 100
0.81  -8.34944e+298 0.81 100
0.82  -4.09206e+302 0.82 100
0.83  -inf 0.83 100
0.84  -nan 0.84 100
0.85  -nan 0.85 100
0.86  -nan 0.86 100
0.87  -nan 0.87 100
0.88  -nan 0.88 100
0.89  -nan 0.89 100
0.9  -nan 0.9 100
0.91  -nan 0.91 100
0.92  -nan 0.92 100
0.93  -nan 0.93 100
0.94  -nan 0.94 100
0.95  -nan 0.95 100
0.96  -nan 0.96 100
0.97  -nan 0.97 100
0.98  -nan 0.98 100
0.99  -nan 0.99 100
1  -nan 1 100
