0  0 0 100
0.01  100 0.01 100
0.02  -10000 0.02 100
0.03  990100 0.03 100
0.04  -9.802e+07 0.04 100
0.05  9.70398e+09 0.05 100
0.06  -9.60694e+11 0.06 100
0.07  9.51087e+13 0.07 100
0.08  -9.41576e+15 0.08 100
0.09  9.3216e+17 0.09 100
0.1  -9.22839e+19 0.1 100
0.11  9.1361e+21 0.11 100
0.12  -9.04474e+23 0.12 100
0.13  8.9543e+25 0.13 100
0.14  -8.86475e+27 0.14 100
0.15  8.77611e+29 0.15 100
0.16  -8.68834e+31 0.16 100
0.17  8.60146e+33 0.17 100
0.18  -8.51545e+35 0.18 100
0.19  8.43029e+37 0.19 100
0.2  -8.34599e+39 0.2 100
0.21  8.26253e+41 0.21 100
0.22  -8.1799e+43 0.22 100
0.23  8.0981e+45 0.23 100
0.24  -8.01712e+47 0.24 100
0.25  7.93695e+49 0.25 100
0.26  -7.85758e+51 0.26 100
0.27  7.77901e+53 0.27 100
0.28  -7.70122e+55 0.28 100
0.29  7.62421e+57 0.29 100
0.3  -7.54796e+59 0.3 100
0.31  7.47248e+61 0.31 100
0.32  -7.39776e+63 0.32 100
0.33  7.32378e+65 0.33 100
0.34  -7.25054e+67 0.34 100
0.35  7.17804e+69 0.35 100
0.36  -7.10626e+71 0.36 100
0.37  7.03519e+73 0.37 100
0.38  -6.96484e+75 0.38 100
0.39  6.89519e+77 0.39 100
0.4  -6.82624e+79 0.4 100
0.41  6.75798e+81 0.41 100
0.42  -6.6904e+83 0.42 100
0.43  6.6235e+85 0.43 100
0.44  -6.55726e+87 0.44 100
0.45  6.49169e+89 0.45 100
0.46  -6.42677e+91 0.46 100
0.47  6.3625e+93 0.47 100
0.48  -6.29888e+95 0.48 100
0.49  6.23589e+97 0.49 100
0.5  -6.17353e+99 0.5 100
0.51  6.1118e+101 0.51 100
0.52  -6.05068e+103 0.52 100
0.53  5.99017e+105 0.53 100
0.54  -5.93027e+107 0.54 100
0.55  5.87097e+109 0.55 100
0.56  -5.81226e+111 0.56 100
0.57  5.75413e+113 0.57 100
0.58  -5.69659e+115 0.58 100
0.59  5.63963e+117 0.59 100
0.6  -5.58323e+119 0.6 100
0.61  5.5274e+121 0.61 100
0.62  -5.47212e+123 0.62 100
0.63  5.4174e+125 0.63 100
0.64  -5.36323e+127 0.64 100
0.65  5.3096e+129 0.65 100
0.66  -5.2565e+131 0.66 100
0.67  5.20394e+133 0.67 100
0.68  -5.1519e+135 0.68 100
0.69  5.10038e+137 0.69 100
0.7  -5.04937e+139 0.7 100
0.71  4.99888e+141 0.71 100
0.72  -4.94889e+143 0.72 100
0.73  4.8994e+145 0.73 100
0.74  -4.85041e+147 0.74 100
0.75  4.8019e+149 0.75 100
0.76  -4.75389e+151 0.76 100
0.77  4.70635e+153 0.77 100
0.78  -4.65928e+155 0.78 100
0.79  4.61269e+157 0.79 100
0.8  -4.56656e+159 0.8 100
0.81  4.5209e+161 0.81 100
0.82  -4.47569e+163 0.82 100
0.83  4.43093e+165 0.83 100
0.84  -4.38662e+167 0.84 100
0.85  4.34276e+169 0.85 100
0.86  -4.29933e+171 0.86 100
0.87  4.25634e+173 0.87 100
0.88  -4.21377e+175 0.88 100
0.89  4.17163e+177 0.89 100
0.9  -4.12992e+179 0.9 100
0.91  4.08862e+181 0.91 100
0.92  -4.04773e+183 0.92 100
0.93  4.00726e+185 0.93 100
0.94  -3.96718e+187 0.94 100
0.95  3.92751e+189 0.95 100
0.96  -3.88824e+191 0.96 100
0.97  3.84935e+193 0.97 100
0.98  -3.81086e+195 0.98 100
0.99  3.77275e+197 0.99 100
1  -3.73502e+199 1 100
