0  0 0 3000
0.000333333  3.33333 0.000333333 3000
0.000666667  -4.4627 0.000666667 3000
0.001  13.6735 0.001 3000
0.00133333  -28.7346 0.00133333 3000
0.00166667  70.0925 0.00166667 3000
0.002  -160.662 0.002 3000
0.00233333  377.576 0.00233333 3000
0.00266667  -878.533 0.00266667 3000
0.003  2052.14 0.003 3000
0.00333333  -4786.37 0.00333333 3000
0.00366667  11169.9 0.00366667 3000
0.004  -26061.6 0.004 3000
0.00433333  60811.5 0.00433333 3000
0.00466667  -141893 0.00466667 3000
0.005  331084 0.005 3000
0.00533333  -772529 0.00533333 3000
0.00566667  1.80257e+06 0.00566667 3000
0.006  -4.20599e+06 0.006 3000
0.00633333  9.81398e+06 0.00633333 3000
0.00666667  -2.28993e+07 0.00666667 3000
0.007  5.34316e+07 0.007 3000
0.00733333  -1.24674e+08 0.00733333 3000
0.00766667  2.90906e+08 0.00766667 3000
0.008  -6.7878e+08 0.008 3000
0.00833333  1.58382e+09 0.00833333 3000
0.00866667  -3.69558e+09 0.00866667 3000
0.009  8.62302e+09 0.009 3000
0.00933333  -2.01204e+10 0.00933333 3000
0.00966667  4.69475e+10 0.00966667 3000
0.01  -1.09544e+11 0.01 3000
0.0103333  2.55603e+11 0.0103333 3000
0.0106667  -5.96408e+11 0.0106667 3000
0.011  1.39162e+12 0.011 3000
0.0113333  -3.24711e+12 0.0113333 3000
0.0116667  7.57659e+12 0.0116667 3000
0.012  -1.76787e+13 0.012 3000
0.0123333  4.12503e+13 0.0123333 3000
0.0126667  -9.62507e+13 0.0126667 3000
0.013  2.24585e+14 0.013 3000
0.0133333  -5.24032e+14 0.0133333 3000
0.0136667  1.22274e+15 0.0136667 3000
0.014  -2.85306e+15 0.014 3000
0.0143333  6.65714e+15 0.0143333 3000
0.0146667  -1.55333e+16 0.0146667 3000
0.015  3.62444e+16 0.015 3000
0.0153333  -8.45704e+16 0.0153333 3000
0.0156667  1.97331e+17 0.0156667 3000
0.016  -4.60439e+17 0.016 3000
0.0163333  1.07436e+18 0.0163333 3000
0.0166667  -2.50683e+18 0.0166667 3000
0.017  5.84928e+18 0.017 3000
0.0173333  -1.36483e+19 0.0173333 3000
0.0176667  3.18461e+19 0.0176667 3000
0.018  -7.43075e+19 0.018 3000
0.0183333  1.73384e+20 0.0183333 3000
0.0186667  -4.04563e+20 0.0186667 3000
0.019  9.4398e+20 0.019 3000
0.0193333  -2.20262e+21 0.0193333 3000
0.0196667  5.13945e+21 0.0196667 3000
0.02  -1.1992e+22 0.02 3000
0.0203333  2.79814e+22 0.0203333 3000
0.0206667  -6.529e+22 0.0206667 3000
0.021  1.52343e+23 0.021 3000
0.0213333  -3.55468e+23 0.0213333 3000
0.0216667  8.29425e+23 0.0216667 3000
0.022  -1.93532e+24 0.022 3000
0.0223333  4.51576e+24 0.0223333 3000
0.0226667  -1.05368e+25 0.0226667 3000
0.023  2.45858e+25 0.023 3000
0.0233333  -5.73669e+25 0.0233333 3000
0.0236667  1.33856e+26 0.0236667 3000
0.024  -3.12331e+26 0.024 3000
0.0243333  7.28772e+26 0.0243333 3000
0.0246667  -1.70047e+27 0.0246667 3000
0.025  3.96776e+27 0.025 3000
0.0253333  -9.2581e+27 0.0253333 3000
0.0256667  2.16022e+28 0.0256667 3000
0.026  -5.04052e+28 0.026 3000
0.0263333  1.17612e+29 0.0263333 3000
0.0266667  -2.74428e+29 0.0266667 3000
0.027  6.40333e+29 0.027 3000
0.0273333  -1.49411e+30 0.0273333 3000
0.0276667  3.48626e+30 0.0276667 3000
0.028  -8.1346e+30 0.028 3000
0.0283333  1.89807e+31 0.0283333 3000
0.0286667  -4.42884e+31 0.0286667 3000
0.029  1.0334e+32 0.029 3000
0.0293333  -2.41126e+32 0.0293333 3000
0.0296667  5.62626e+32 0.0296667 3000
0.03  -1.31279e+33 0.03 3000
0.0303333  3.06319e+33 0.0303333 3000
0.0306667  -7.14744e+33 0.0306667 3000
0.031  1.66774e+34 0.031 3000
0.0313333  -3.89138e+34 0.0313333 3000
0.0316667  9.07989e+34 0.0316667 3000
0.032  -2.11864e+35 0.032 3000
0.0323333  4.9435e+35 0.0323333 3000
0.0326667  -1.15348e+36 0.0326667 3000
0.033  2.69146e+36 0.033 3000
0.0333333  -6.28007e+36 0.0333333 3000
0.0336667  1.46535e+37 0.0336667 3000
0.034  -3.41915e+37 0.034 3000
0.0343333  7.97802e+37 0.0343333 3000
0.0346667  -1.86154e+38 0.0346667 3000
0.035  4.34359e+38 0.035 3000
0.0353333  -1.0135e+39 0.0353333 3000
0.0356667  2.36484e+39 0.0356667 3000
0.036  -5.51796e+39 0.036 3000
0.0363333  1.28752e+40 0.0363333 3000
0.0366667  -3.00422e+40 0.0366667 3000
0.037  7.00986e+40 0.037 3000
0.0373333  -1.63563e+41 0.0373333 3000
0.0376667  3.81648e+41 0.0376667 3000
0.038  -8.90512e+41 0.038 3000
0.0383333  2.07786e+42 0.0383333 3000
0.0386667  -4.84834e+42 0.0386667 3000
0.039  1.13128e+43 0.039 3000
0.0393333  -2.63965e+43 0.0393333 3000
0.0396667  6.15919e+43 0.0396667 3000
0.04  -1.43714e+44 0.04 3000
0.0403333  3.35334e+44 0.0403333 3000
0.0406667  -7.82445e+44 0.0406667 3000
0.041  1.82571e+45 0.041 3000
0.0413333  -4.25998e+45 0.0413333 3000
0.0416667  9.93995e+45 0.0416667 3000
0.042  -2.31932e+46 0.042 3000
0.0423333  5.41175e+46 0.0423333 3000
0.0426667  -1.26274e+47 0.0426667 3000
0.043  2.9464e+47 0.043 3000
0.0433333  -6.87493e+47 0.0433333 3000
0.0436667  1.60415e+48 0.0436667 3000
0.044  -3.74302e+48 0.044 3000
0.0443333  8.7337e+48 0.0443333 3000
0.0446667  -2.03786e+49 0.0446667 3000
0.045  4.75502e+49 0.045 3000
0.0453333  -1.1095e+50 0.0453333 3000
0.0456667  2.58884e+50 0.0456667 3000
0.046  -6.04063e+50 0.046 3000
0.0463333  1.40948e+51 0.0463333 3000
0.0466667  -3.28879e+51 0.0466667 3000
0.047  7.67384e+51 0.047 3000
0.0473333  -1.79056e+52 0.0473333 3000
0.0476667  4.17798e+52 0.0476667 3000
0.048  -9.74862e+52 0.048 3000
0.0483333  2.27468e+53 0.0483333 3000
0.0486667  -5.30758e+53 0.0486667 3000
0.049  1.23844e+54 0.049 3000
0.0493333  -2.88968e+54 0.0493333 3000
0.0496667  6.74259e+54 0.0496667 3000
0.05  -1.57327e+55 0.05 3000
0.0503333  3.67097e+55 0.0503333 3000
0.0506667  -8.56559e+55 0.0506667 3000
0.051  1.99864e+56 0.051 3000
0.0513333  -4.66349e+56 0.0513333 3000
0.0516667  1.08815e+57 0.0516667 3000
0.052  -2.53901e+57 0.052 3000
0.0523333  5.92436e+57 0.0523333 3000
0.0526667  -1.38235e+58 0.0526667 3000
0.053  3.22548e+58 0.053 3000
0.0533333  -7.52613e+58 0.0533333 3000
0.0536667  1.7561e+59 0.0536667 3000
0.054  -4.09756e+59 0.054 3000
0.0543333  9.56097e+59 0.0543333 3000
0.0546667  -2.23089e+60 0.0546667 3000
0.055  5.20542e+60 0.055 3000
0.0553333  -1.2146e+61 0.0553333 3000
0.0556667  2.83406e+61 0.0556667 3000
0.056  -6.61281e+61 0.056 3000
0.0563333  1.54299e+62 0.0563333 3000
0.0566667  -3.60031e+62 0.0566667 3000
0.057  8.40072e+62 0.057 3000
0.0573333  -1.96017e+63 0.0573333 3000
0.0576667  4.57372e+63 0.0576667 3000
0.058  -1.0672e+64 0.058 3000
0.0583333  2.49014e+64 0.0583333 3000
0.0586667  -5.81032e+64 0.0586667 3000
0.059  1.35574e+65 0.059 3000
0.0593333  -3.1634e+65 0.0593333 3000
0.0596667  7.38126e+65 0.0596667 3000
0.06  -1.72229e+66 0.06 3000
0.0603333  4.01869e+66 0.0603333 3000
0.0606667  -9.37694e+66 0.0606667 3000
0.061  2.18795e+67 0.061 3000
0.0613333  -5.10522e+67 0.0613333 3000
0.0616667  1.19122e+68 0.0616667 3000
0.062  -2.77951e+68 0.062 3000
0.0623333  6.48552e+68 0.0623333 3000
0.0626667  -1.51329e+69 0.0626667 3000
0.063  3.53101e+69 0.063 3000
0.0633333  -8.23901e+69 0.0633333 3000
0.0636667  1.92244e+70 0.0636667 3000
0.064  -4.48569e+70 0.064 3000
0.0643333  1.04666e+71 0.0643333 3000
0.0646667  -2.44221e+71 0.0646667 3000
0.065  5.69848e+71 0.065 3000
0.0653333  -1.32965e+72 0.0653333 3000
0.0656667  3.10251e+72 0.0656667 3000
0.066  -7.23918e+72 0.066 3000
0.0663333  1.68914e+73 0.0663333 3000
0.0666667  -3.94133e+73 0.0666667 3000
0.067  9.19644e+73 0.067 3000
0.0673333  -2.14584e+74 0.0673333 3000
0.0676667  5.00695e+74 0.0676667 3000
0.068  -1.16829e+75 0.068 3000
0.0683333  2.72601e+75 0.0683333 3000
0.0686667  -6.36068e+75 0.0686667 3000
0.069  1.48416e+76 0.069 3000
0.0693333  -3.46304e+76 0.0693333 3000
0.0696667  8.08042e+76 0.0696667 3000
0.07  -1.88543e+77 0.07 3000
0.0703333  4.39934e+77 0.0703333 3000
0.0706667  -1.02651e+78 0.0706667 3000
0.071  2.3952e+78 0.071 3000
0.0713333  -5.58879e+78 0.0713333 3000
0.0716667  1.30405e+79 0.0716667 3000
0.072  -3.04279e+79 0.072 3000
0.0723333  7.09984e+79 0.0723333 3000
0.0726667  -1.65663e+80 0.0726667 3000
0.073  3.86547e+80 0.073 3000
0.0733333  -9.01942e+80 0.0733333 3000
0.0736667  2.10453e+81 0.0736667 3000
0.074  -4.91058e+81 0.074 3000
0.0743333  1.1458e+82 0.0743333 3000
0.0746667  -2.67354e+82 0.0746667 3000
0.075  6.23825e+82 0.075 3000
0.0753333  -1.45559e+83 0.0753333 3000
0.0756667  3.39638e+83 0.0756667 3000
0.076  -7.92489e+83 0.076 3000
0.0763333  1.84914e+84 0.0763333 3000
0.0766667  -4.31466e+84 0.0766667 3000
0.077  1.00675e+85 0.077 3000
0.0773333  -2.34909e+85 0.0773333 3000
0.0776667  5.48122e+85 0.0776667 3000
0.078  -1.27895e+86 0.078 3000
0.0783333  2.98422e+86 0.0783333 3000
0.0786667  -6.96318e+86 0.0786667 3000
0.079  1.62474e+87 0.079 3000
0.0793333  -3.79106e+87 0.0793333 3000
0.0796667  8.84581e+87 0.0796667 3000
0.08  -2.06402e+88 0.08 3000
0.0803333  4.81605e+88 0.0803333 3000
0.0806667  -1.12375e+89 0.0806667 3000
0.081  2.62207e+89 0.081 3000
0.0813333  -6.11817e+89 0.0813333 3000
0.0816667  1.42757e+90 0.0816667 3000
0.082  -3.331e+90 0.082 3000
0.0823333  7.77234e+90 0.0823333 3000
0.0826667  -1.81355e+91 0.0826667 3000
0.083  4.23161e+91 0.083 3000
0.0833333  -9.87376e+91 0.0833333 3000
0.0836667  2.30388e+92 0.0836667 3000
0.084  -5.37571e+92 0.084 3000
0.0843333  1.25433e+93 0.0843333 3000
0.0846667  -2.92678e+93 0.0846667 3000
0.085  6.82914e+93 0.085 3000
0.0853333  -1.59347e+94 0.0853333 3000
0.0856667  3.71809e+94 0.0856667 3000
0.086  -8.67554e+94 0.086 3000
0.0863333  2.02429e+95 0.0863333 3000
0.0866667  -4.72335e+95 0.0866667 3000
0.087  1.10212e+96 0.087 3000
0.0873333  -2.5716e+96 0.0873333 3000
0.0876667  6.00041e+96 0.0876667 3000
0.088  -1.40009e+97 0.088 3000
0.0883333  3.26689e+97 0.0883333 3000
0.0886667  -7.62274e+97 0.0886667 3000
0.089  1.77864e+98 0.089 3000
0.0893333  -4.15016e+98 0.0893333 3000
0.0896667  9.6837e+98 0.0896667 3000
0.09  -2.25953e+99 0.09 3000
0.0903333  5.27224e+99 0.0903333 3000
0.0906667  -1.23019e+100 0.0906667 3000
0.091  2.87044e+100 0.091 3000
0.0913333  -6.69769e+100 0.0913333 3000
0.0916667  1.5628e+101 0.0916667 3000
0.092  -3.64652e+101 0.092 3000
0.0923333  8.50855e+101 0.0923333 3000
0.0926667  -1.98533e+102 0.0926667 3000
0.093  4.63243e+102 0.093 3000
0.0933333  -1.0809e+103 0.0933333 3000
0.0936667  2.5221e+103 0.0936667 3000
0.094  -5.88491e+103 0.094 3000
0.0943333  1.37314e+104 0.0943333 3000
0.0946667  -3.204e+104 0.0946667 3000
0.095  7.47601e+104 0.095 3000
0.0953333  -1.7444e+105 0.0953333 3000
0.0956667  4.07027e+105 0.0956667 3000
0.096  -9.4973e+105 0.096 3000
0.0963333  2.21604e+106 0.0963333 3000
0.0966667  -5.17075e+106 0.0966667 3000
0.097  1.20651e+107 0.097 3000
0.0973333  -2.81519e+107 0.0973333 3000
0.0976667  6.56877e+107 0.0976667 3000
0.098  -1.53271e+108 0.098 3000
0.0983333  3.57633e+108 0.0983333 3000
0.0986667  -8.34477e+108 0.0986667 3000
0.099  1.94711e+109 0.099 3000
0.0993333  -4.54327e+109 0.0993333 3000
0.0996667  1.0601e+110 0.0996667 3000
0.1  -2.47356e+110 0.1 3000
0.100333  5.77163e+110 0.100333 3000
0.100667  -1.34671e+111 0.100667 3000
0.101  3.14233e+111 0.101 3000
0.101333  -7.33211e+111 0.101333 3000
0.101667  1.71082e+112 0.101667 3000
0.102  -3.99192e+112 0.102 3000
0.102333  9.31449e+112 0.102333 3000
0.102667  -2.17338e+113 0.102667 3000
0.103  5.07122e+113 0.103 3000
0.103333  -1.18329e+114 0.103333 3000
0.103667  2.761e+114 0.103667 3000
0.104  -6.44233e+114 0.104 3000
0.104333  1.50321e+115 0.104333 3000
0.104667  -3.50749e+115 0.104667 3000
0.105  8.18415e+115 0.105 3000
0.105333  -1.90963e+116 0.105333 3000
0.105667  4.45581e+116 0.105667 3000
0.106  -1.03969e+117 0.106 3000
0.106333  2.42594e+117 0.106333 3000
0.106667  -5.66053e+117 0.106667 3000
0.107  1.32079e+118 0.107 3000
0.107333  -3.08185e+118 0.107333 3000
0.107667  7.19097e+118 0.107667 3000
0.108  -1.67789e+119 0.108 3000
0.108333  3.91509e+119 0.108333 3000
0.108667  -9.1352e+119 0.108667 3000
0.109  2.13155e+120 0.109 3000
0.109333  -4.97361e+120 0.109333 3000
0.109667  1.16051e+121 0.109667 3000
0.11  -2.70785e+121 0.11 3000
0.110333  6.31833e+121 0.110333 3000
0.110667  -1.47428e+122 0.110667 3000
0.111  3.43998e+122 0.111 3000
0.111333  -8.02661e+122 0.111333 3000
0.111667  1.87288e+123 0.111667 3000
0.112  -4.37005e+123 0.112 3000
0.112333  1.01968e+124 0.112333 3000
0.112667  -2.37925e+124 0.112667 3000
0.113  5.55158e+124 0.113 3000
0.113333  -1.29537e+125 0.113333 3000
0.113667  3.02252e+125 0.113667 3000
0.114  -7.05256e+125 0.114 3000
0.114333  1.6456e+126 0.114333 3000
0.114667  -3.83973e+126 0.114667 3000
0.115  8.95936e+126 0.115 3000
0.115333  -2.09052e+127 0.115333 3000
0.115667  4.87787e+127 0.115667 3000
0.116  -1.13817e+128 0.116 3000
0.116333  2.65573e+128 0.116333 3000
0.116667  -6.19671e+128 0.116667 3000
0.117  1.4459e+129 0.117 3000
0.117333  -3.37376e+129 0.117333 3000
0.117667  7.87211e+129 0.117667 3000
0.118  -1.83683e+130 0.118 3000
0.118333  4.28593e+130 0.118333 3000
0.118667  -1.00005e+131 0.118667 3000
0.119  2.33345e+131 0.119 3000
0.119333  -5.44472e+131 0.119333 3000
0.119667  1.27043e+132 0.119667 3000
0.12  -2.96435e+132 0.12 3000
0.120333  6.91681e+132 0.120333 3000
0.120667  -1.61392e+133 0.120667 3000
0.121  3.76582e+133 0.121 3000
0.121333  -8.7869e+133 0.121333 3000
0.121667  2.05028e+134 0.121667 3000
0.122  -4.78398e+134 0.122 3000
0.122333  1.11626e+135 0.122333 3000
0.122667  -2.60461e+135 0.122667 3000
0.123  6.07743e+135 0.123 3000
0.123333  -1.41807e+136 0.123333 3000
0.123667  3.30882e+136 0.123667 3000
0.124  -7.72058e+136 0.124 3000
0.124333  1.80147e+137 0.124333 3000
0.124667  -4.20343e+137 0.124667 3000
0.125  9.808e+137 0.125 3000
0.125333  -2.28853e+138 0.125333 3000
0.125667  5.33991e+138 0.125667 3000
0.126  -1.24598e+139 0.126 3000
0.126333  2.90729e+139 0.126333 3000
0.126667  -6.78367e+139 0.126667 3000
0.127  1.58286e+140 0.127 3000
0.127333  -3.69333e+140 0.127333 3000
0.127667  8.61777e+140 0.127667 3000
0.128  -2.01081e+141 0.128 3000
0.128333  4.6919e+141 0.128333 3000
0.128667  -1.09478e+142 0.128667 3000
0.129  2.55448e+142 0.129 3000
0.129333  -5.96045e+142 0.129333 3000
0.129667  1.39077e+143 0.129667 3000
0.13  -3.24513e+143 0.13 3000
0.130333  7.57197e+143 0.130333 3000
0.130667  -1.76679e+144 0.130667 3000
0.131  4.12252e+144 0.131 3000
0.131333  -9.61921e+144 0.131333 3000
0.131667  2.24448e+145 0.131667 3000
0.132  -5.23713e+145 0.132 3000
0.132333  1.222e+146 0.132333 3000
0.132667  -2.85132e+146 0.132667 3000
0.133  6.65309e+146 0.133 3000
0.133333  -1.55239e+147 0.133333 3000
0.133667  3.62224e+147 0.133667 3000
0.134  -8.45189e+147 0.134 3000
0.134333  1.97211e+148 0.134333 3000
0.134667  -4.60158e+148 0.134667 3000
0.135  1.0737e+149 0.135 3000
0.135333  -2.50531e+149 0.135333 3000
0.135667  5.84572e+149 0.135667 3000
0.136  -1.364e+150 0.136 3000
0.136333  3.18267e+150 0.136333 3000
0.136667  -7.42622e+150 0.136667 3000
0.137  1.73279e+151 0.137 3000
0.137333  -4.04317e+151 0.137333 3000
0.137667  9.43405e+151 0.137667 3000
0.138  -2.20128e+152 0.138 3000
0.138333  5.13632e+152 0.138333 3000
0.138667  -1.19847e+153 0.138667 3000
0.139  2.79644e+153 0.139 3000
0.139333  -6.52503e+153 0.139333 3000
0.139667  1.52251e+154 0.139667 3000
0.14  -3.55251e+154 0.14 3000
0.140333  8.2892e+154 0.140333 3000
0.140667  -1.93415e+155 0.140667 3000
0.141  4.51301e+155 0.141 3000
0.141333  -1.05304e+156 0.141333 3000
0.141667  2.45708e+156 0.141667 3000
0.142  -5.73319e+156 0.142 3000
0.142333  1.33775e+157 0.142333 3000
0.142667  -3.12141e+157 0.142667 3000
0.143  7.28328e+157 0.143 3000
0.143333  -1.69943e+158 0.143333 3000
0.143667  3.96534e+158 0.143667 3000
0.144  -9.25246e+158 0.144 3000
0.144333  2.15891e+159 0.144333 3000
0.144667  -5.03745e+159 0.144667 3000
0.145  1.17541e+160 0.145 3000
0.145333  -2.74261e+160 0.145333 3000
0.145667  6.39943e+160 0.145667 3000
0.146  -1.4932e+161 0.146 3000
0.146333  3.48413e+161 0.146333 3000
0.146667  -8.12965e+161 0.146667 3000
0.147  1.89692e+162 0.147 3000
0.147333  -4.42614e+162 0.147333 3000
0.147667  1.03277e+163 0.147667 3000
0.148  -2.40979e+163 0.148 3000
0.148333  5.62284e+163 0.148333 3000
0.148667  -1.312e+164 0.148667 3000
0.149  3.06132e+164 0.149 3000
0.149333  -7.14309e+164 0.149333 3000
0.149667  1.66672e+165 0.149667 3000
0.15  -3.88901e+165 0.15 3000
0.150333  9.07436e+165 0.150333 3000
0.150667  -2.11735e+166 0.150667 3000
0.151  4.94049e+166 0.151 3000
0.151333  -1.15278e+167 0.151333 3000
0.151667  2.68982e+167 0.151667 3000
0.152  -6.27625e+167 0.152 3000
0.152333  1.46446e+168 0.152333 3000
0.152667  -3.41707e+168 0.152667 3000
0.153  7.97316e+168 0.153 3000
0.153333  -1.8604e+169 0.153333 3000
0.153667  4.34094e+169 0.153667 3000
0.154  -1.01289e+170 0.154 3000
0.154333  2.3634e+170 0.154333 3000
0.154667  -5.51461e+170 0.154667 3000
0.155  1.28674e+171 0.155 3000
0.155333  -3.0024e+171 0.155333 3000
0.155667  7.00559e+171 0.155667 3000
0.156  -1.63464e+172 0.156 3000
0.156333  3.81416e+172 0.156333 3000
0.156667  -8.8997e+172 0.156667 3000
0.157  2.0766e+173 0.157 3000
0.157333  -4.84539e+173 0.157333 3000
0.157667  1.13059e+174 0.157667 3000
0.158  -2.63805e+174 0.158 3000
0.158333  6.15544e+174 0.158333 3000
0.158667  -1.43627e+175 0.158667 3000
0.159  3.35129e+175 0.159 3000
0.159333  -7.81969e+175 0.159333 3000
0.159667  1.82459e+176 0.159667 3000
0.16  -4.25739e+176 0.16 3000
0.160333  9.9339e+176 0.160333 3000
0.160667  -2.31791e+177 0.160667 3000
0.161  5.40846e+177 0.161 3000
0.161333  -1.26197e+178 0.161333 3000
0.161667  2.9446e+178 0.161667 3000
0.162  -6.87074e+178 0.162 3000
0.162333  1.60317e+179 0.162333 3000
0.162667  -3.74074e+179 0.162667 3000
0.163  8.72839e+179 0.163 3000
0.163333  -2.03662e+180 0.163333 3000
0.163667  4.75212e+180 0.163667 3000
0.164  -1.10883e+181 0.164 3000
0.164333  2.58727e+181 0.164333 3000
0.164667  -6.03696e+181 0.164667 3000
0.165  1.40862e+182 0.165 3000
0.165333  -3.28679e+182 0.165333 3000
0.165667  7.66917e+182 0.165667 3000
0.166  -1.78947e+183 0.166 3000
0.166333  4.17544e+183 0.166333 3000
0.166667  -9.74269e+183 0.166667 3000
0.167  2.27329e+184 0.167 3000
0.167333  -5.30435e+184 0.167333 3000
0.167667  1.23768e+185 0.167667 3000
0.168  -2.88792e+185 0.168 3000
0.168333  6.73849e+185 0.168333 3000
0.168667  -1.57231e+186 0.168667 3000
0.169  3.66873e+186 0.169 3000
0.169333  -8.56038e+186 0.169333 3000
0.169667  1.99742e+187 0.169667 3000
0.17  -4.66065e+187 0.17 3000
0.170333  1.08749e+188 0.170333 3000
0.170667  -2.53747e+188 0.170667 3000
0.171  5.92075e+188 0.171 3000
0.171333  -1.38151e+189 0.171333 3000
0.171667  3.22352e+189 0.171667 3000
0.172  -7.52155e+189 0.172 3000
0.172333  1.75503e+190 0.172333 3000
0.172667  -4.09507e+190 0.172667 3000
0.173  9.55515e+190 0.173 3000
0.173333  -2.22954e+191 0.173333 3000
0.173667  5.20225e+191 0.173667 3000
0.174  -1.21386e+192 0.174 3000
0.174333  2.83234e+192 0.174333 3000
0.174667  -6.60878e+192 0.174667 3000
0.175  1.54205e+193 0.175 3000
0.175333  -3.59812e+193 0.175333 3000
0.175667  8.3956e+193 0.175667 3000
0.176  -1.95897e+194 0.176 3000
0.176333  4.57094e+194 0.176333 3000
0.176667  -1.06655e+195 0.176667 3000
0.177  2.48862e+195 0.177 3000
0.177333  -5.80679e+195 0.177333 3000
0.177667  1.35492e+196 0.177667 3000
0.178  -3.16147e+196 0.178 3000
0.178333  7.37677e+196 0.178333 3000
0.178667  -1.72125e+197 0.178667 3000
0.179  4.01624e+197 0.179 3000
0.179333  -9.37123e+197 0.179333 3000
0.179667  2.18662e+198 0.179667 3000
0.18  -5.10211e+198 0.18 3000
0.180333  1.19049e+199 0.180333 3000
0.180667  -2.77782e+199 0.180667 3000
0.181  6.48157e+199 0.181 3000
0.181333  -1.51237e+200 0.181333 3000
0.181667  3.52886e+200 0.181667 3000
0.182  -8.234e+200 0.182 3000
0.182333  1.92127e+201 0.182333 3000
0.182667  -4.48296e+201 0.182667 3000
0.183  1.04602e+202 0.183 3000
0.183333  -2.44072e+202 0.183333 3000
0.183667  5.69501e+202 0.183667 3000
0.184  -1.32884e+203 0.184 3000
0.184333  3.10062e+203 0.184333 3000
0.184667  -7.23478e+203 0.184667 3000
0.185  1.68811e+204 0.185 3000
0.185333  -3.93893e+204 0.185333 3000
0.185667  9.19085e+204 0.185667 3000
0.186  -2.14453e+205 0.186 3000
0.186333  5.0039e+205 0.186333 3000
0.186667  -1.16758e+206 0.186667 3000
0.187  2.72435e+206 0.187 3000
0.187333  -6.35681e+206 0.187333 3000
0.187667  1.48326e+207 0.187667 3000
0.188  -3.46093e+207 0.188 3000
0.188333  8.07551e+207 0.188333 3000
0.188667  -1.88428e+208 0.188667 3000
0.189  4.39666e+208 0.189 3000
0.189333  -1.02589e+209 0.189333 3000
0.189667  2.39374e+209 0.189667 3000
0.19  -5.58539e+209 0.19 3000
0.190333  1.30326e+210 0.190333 3000
0.190667  -3.04094e+210 0.190667 3000
0.191  7.09552e+210 0.191 3000
0.191333  -1.65562e+211 0.191333 3000
0.191667  3.86311e+211 0.191667 3000
0.192  -9.01393e+211 0.192 3000
0.192333  2.10325e+212 0.192333 3000
0.192667  -4.90759e+212 0.192667 3000
0.193  1.1451e+213 0.193 3000
0.193333  -2.67191e+213 0.193333 3000
0.193667  6.23445e+213 0.193667 3000
0.194  -1.45471e+214 0.194 3000
0.194333  3.39431e+214 0.194333 3000
0.194667  -7.92006e+214 0.194667 3000
0.195  1.84801e+215 0.195 3000
0.195333  -4.31203e+215 0.195333 3000
0.195667  1.00614e+216 0.195667 3000
0.196  -2.34766e+216 0.196 3000
0.196333  5.47788e+216 0.196333 3000
0.196667  -1.27817e+217 0.196667 3000
0.197  2.9824e+217 0.197 3000
0.197333  -6.95894e+217 0.197333 3000
0.197667  1.62375e+218 0.197667 3000
0.198  -3.78875e+218 0.198 3000
0.198333  8.84043e+218 0.198333 3000
0.198667  -2.06277e+219 0.198667 3000
0.199  4.81312e+219 0.199 3000
0.199333  -1.12306e+220 0.199333 3000
0.199667  2.62048e+220 0.199667 3000
0.2  -6.11445e+220 0.2 3000
0.200333  1.4267e+221 0.200333 3000
0.200667  -3.32898e+221 0.200667 3000
0.201  7.76761e+221 0.201 3000
0.201333  -1.81244e+222 0.201333 3000
0.201667  4.22903e+222 0.201667 3000
0.202  -9.86775e+222 0.202 3000
0.202333  2.30247e+223 0.202333 3000
0.202667  -5.37244e+223 0.202667 3000
0.203  1.25357e+224 0.203 3000
0.203333  -2.92499e+224 0.203333 3000
0.203667  6.82499e+224 0.203667 3000
0.204  -1.5925e+225 0.204 3000
0.204333  3.71583e+225 0.204333 3000
0.204667  -8.67026e+225 0.204667 3000
0.205  2.02306e+226 0.205 3000
0.205333  -4.72048e+226 0.205333 3000
0.205667  1.10144e+227 0.205667 3000
0.206  -2.57004e+227 0.206 3000
0.206333  5.99675e+227 0.206333 3000
0.206667  -1.39924e+228 0.206667 3000
0.207  3.2649e+228 0.207 3000
0.207333  -7.6181e+228 0.207333 3000
0.207667  1.77756e+229 0.207667 3000
0.208  -4.14763e+229 0.208 3000
0.208333  9.6778e+229 0.208333 3000
0.208667  -2.25815e+230 0.208667 3000
0.209  5.26903e+230 0.209 3000
0.209333  -1.22944e+231 0.209333 3000
0.209667  2.86869e+231 0.209667 3000
0.21  -6.69362e+231 0.21 3000
0.210333  1.56184e+232 0.210333 3000
0.210667  -3.6443e+232 0.210667 3000
0.211  8.50337e+232 0.211 3000
0.211333  -1.98412e+233 0.211333 3000
0.211667  4.62961e+233 0.211667 3000
0.212  -1.08024e+234 0.212 3000
0.212333  2.52057e+234 0.212333 3000
0.212667  -5.88132e+234 0.212667 3000
0.213  1.37231e+235 0.213 3000
0.213333  -3.20205e+235 0.213333 3000
0.213667  7.47146e+235 0.213667 3000
0.214  -1.74334e+236 0.214 3000
0.214333  4.06779e+236 0.214333 3000
0.214667  -9.49152e+236 0.214667 3000
0.215  2.21469e+237 0.215 3000
0.215333  -5.16761e+237 0.215333 3000
0.215667  1.20577e+238 0.215667 3000
0.216  -2.81347e+238 0.216 3000
0.216333  6.56477e+238 0.216333 3000
0.216667  -1.53178e+239 0.216667 3000
0.217  3.57415e+239 0.217 3000
0.217333  -8.33969e+239 0.217333 3000
0.217667  1.94593e+240 0.217667 3000
0.218  -4.5405e+240 0.218 3000
0.218333  1.05945e+241 0.218333 3000
0.218667  -2.47205e+241 0.218667 3000
0.219  5.76812e+241 0.219 3000
0.219333  -1.34589e+242 0.219333 3000
0.219667  3.14042e+242 0.219667 3000
0.22  -7.32764e+242 0.22 3000
0.220333  1.70978e+243 0.220333 3000
0.220667  -3.98949e+243 0.220667 3000
0.221  9.30882e+243 0.221 3000
0.221333  -2.17206e+244 0.221333 3000
0.221667  5.06814e+244 0.221667 3000
0.222  -1.18257e+245 0.222 3000
0.222333  2.75932e+245 0.222333 3000
0.222667  -6.43841e+245 0.222667 3000
0.223  1.5023e+246 0.223 3000
0.223333  -3.50536e+246 0.223333 3000
0.223667  8.17917e+246 0.223667 3000
0.224  -1.90847e+247 0.224 3000
0.224333  4.4531e+247 0.224333 3000
0.224667  -1.03906e+248 0.224667 3000
0.225  2.42447e+248 0.225 3000
0.225333  -5.65709e+248 0.225333 3000
0.225667  1.31999e+249 0.225667 3000
0.226  -3.07997e+249 0.226 3000
0.226333  7.1866e+249 0.226333 3000
0.226667  -1.67687e+250 0.226667 3000
0.227  3.9127e+250 0.227 3000
0.227333  -9.12964e+250 0.227333 3000
0.227667  2.13025e+251 0.227667 3000
0.228  -4.97058e+251 0.228 3000
0.228333  1.1598e+252 0.228333 3000
0.228667  -2.70621e+252 0.228667 3000
0.229  6.31448e+252 0.229 3000
0.229333  -1.47338e+253 0.229333 3000
0.229667  3.43788e+253 0.229667 3000
0.23  -8.02173e+253 0.23 3000
0.230333  1.87174e+254 0.230333 3000
0.230667  -4.36739e+254 0.230667 3000
0.231  1.01906e+255 0.231 3000
0.231333  -2.3778e+255 0.231333 3000
0.231667  5.5482e+255 0.231667 3000
0.232  -1.29458e+256 0.232 3000
0.232333  3.02068e+256 0.232333 3000
0.232667  -7.04826e+256 0.232667 3000
0.233  1.6446e+257 0.233 3000
0.233333  -3.83739e+257 0.233333 3000
0.233667  8.95391e+257 0.233667 3000
0.234  -2.08924e+258 0.234 3000
0.234333  4.8749e+258 0.234333 3000
0.234667  -1.13748e+259 0.234667 3000
0.235  2.65411e+259 0.235 3000
0.235333  -6.19293e+259 0.235333 3000
0.235667  1.44502e+260 0.235667 3000
0.236  -3.37171e+260 0.236 3000
0.236333  7.86732e+260 0.236333 3000
0.236667  -1.83571e+261 0.236667 3000
0.237  4.28332e+261 0.237 3000
0.237333  -9.99441e+261 0.237333 3000
0.237667  2.33203e+262 0.237667 3000
0.238  -5.4414e+262 0.238 3000
0.238333  1.26966e+263 0.238333 3000
0.238667  -2.96254e+263 0.238667 3000
0.239  6.9126e+263 0.239 3000
0.239333  -1.61294e+264 0.239333 3000
0.239667  3.76352e+264 0.239667 3000
0.24  -8.78156e+264 0.24 3000
0.240333  2.04903e+265 0.240333 3000
0.240667  -4.78107e+265 0.240667 3000
0.241  1.11558e+266 0.241 3000
0.241333  -2.60303e+266 0.241333 3000
0.241667  6.07373e+266 0.241667 3000
0.242  -1.4172e+267 0.242 3000
0.242333  3.30681e+267 0.242333 3000
0.242667  -7.71589e+267 0.242667 3000
0.243  1.80037e+268 0.243 3000
0.243333  -4.20087e+268 0.243333 3000
0.243667  9.80203e+268 0.243667 3000
0.244  -2.28714e+269 0.244 3000
0.244333  5.33666e+269 0.244333 3000
0.244667  -1.24522e+270 0.244667 3000
0.245  2.90552e+270 0.245 3000
0.245333  -6.77954e+270 0.245333 3000
0.245667  1.58189e+271 0.245667 3000
0.246  -3.69108e+271 0.246 3000
0.246333  8.61252e+271 0.246333 3000
0.246667  -2.00959e+272 0.246667 3000
0.247  4.68904e+272 0.247 3000
0.247333  -1.09411e+273 0.247333 3000
0.247667  2.55292e+273 0.247667 3000
0.248  -5.95682e+273 0.248 3000
0.248333  1.38992e+274 0.248333 3000
0.248667  -3.24316e+274 0.248667 3000
0.249  7.56736e+274 0.249 3000
0.249333  -1.76572e+275 0.249333 3000
0.249667  4.12001e+275 0.249667 3000
0.25  -9.61336e+275 0.25 3000
0.250333  2.24312e+276 0.250333 3000
0.250667  -5.23394e+276 0.250667 3000
0.251  1.22125e+277 0.251 3000
0.251333  -2.84959e+277 0.251333 3000
0.251667  6.64904e+277 0.251667 3000
0.252  -1.55144e+278 0.252 3000
0.252333  3.62003e+278 0.252333 3000
0.252667  -8.44674e+278 0.252667 3000
0.253  1.97091e+279 0.253 3000
0.253333  -4.59878e+279 0.253333 3000
0.253667  1.07305e+280 0.253667 3000
0.254  -2.50378e+280 0.254 3000
0.254333  5.84216e+280 0.254333 3000
0.254667  -1.36317e+281 0.254667 3000
0.255  3.18073e+281 0.255 3000
0.255333  -7.4217e+281 0.255333 3000
0.255667  1.73173e+282 0.255667 3000
0.256  -4.04071e+282 0.256 3000
0.256333  9.42831e+282 0.256333 3000
0.256667  -2.19994e+283 0.256667 3000
0.257  5.13319e+283 0.257 3000
0.257333  -1.19774e+284 0.257333 3000
0.257667  2.79474e+284 0.257667 3000
0.258  -6.52106e+284 0.258 3000
0.258333  1.52158e+285 0.258333 3000
0.258667  -3.55035e+285 0.258667 3000
0.259  8.28416e+285 0.259 3000
0.259333  -1.93297e+286 0.259333 3000
0.259667  4.51026e+286 0.259667 3000
0.26  -1.05239e+287 0.26 3000
0.260333  2.45559e+287 0.260333 3000
0.260667  -5.7297e+287 0.260667 3000
0.261  1.33693e+288 0.261 3000
0.261333  -3.11951e+288 0.261333 3000
0.261667  7.27885e+288 0.261667 3000
0.262  -1.6984e+289 0.262 3000
0.262333  3.96293e+289 0.262333 3000
0.262667  -9.24683e+289 0.262667 3000
0.263  2.15759e+290 0.263 3000
0.263333  -5.03439e+290 0.263333 3000
0.263667  1.17469e+291 0.263667 3000
0.264  -2.74094e+291 0.264 3000
0.264333  6.39553e+291 0.264333 3000
0.264667  -1.49229e+292 0.264667 3000
0.265  3.48201e+292 0.265 3000
0.265333  -8.1247e+292 0.265333 3000
0.265667  1.89576e+293 0.265667 3000
0.266  -4.42345e+293 0.266 3000
0.266333  1.03214e+294 0.266333 3000
0.266667  -2.40832e+294 0.266667 3000
0.267  5.61941e+294 0.267 3000
0.267333  -1.3112e+295 0.267333 3000
0.267667  3.05946e+295 0.267667 3000
0.268  -7.13874e+295 0.268 3000
0.268333  1.66571e+296 0.268333 3000
0.268667  -3.88665e+296 0.268667 3000
0.269  9.06884e+296 0.269 3000
0.269333  -2.11606e+297 0.269333 3000
0.269667  4.93748e+297 0.269667 3000
0.27  -1.15208e+298 0.27 3000
0.270333  2.68818e+298 0.270333 3000
0.270667  -6.27243e+298 0.270667 3000
0.271  1.46357e+299 0.271 3000
0.271333  -3.41499e+299 0.271333 3000
0.271667  7.96831e+299 0.271667 3000
0.272  -1.85927e+300 0.272 3000
0.272333  4.3383e+300 0.272333 3000
0.272667  -1.01227e+301 0.272667 3000
0.273  2.36196e+301 0.273 3000
0.273333  -5.51125e+301 0.273333 3000
0.273667  1.28596e+302 0.273667 3000
0.274  -3.00057e+302 0.274 3000
0.274333  7.00133e+302 0.274333 3000
0.274667  -1.63364e+303 0.274667 3000
0.275  3.81183e+303 0.275 3000
0.275333  -8.89428e+303 0.275333 3000
0.275667  2.07533e+304 0.275667 3000
0.276  -inf 0.276 3000
0.276333  -nan 0.276333 3000
0.276667  -nan 0.276667 3000
0.277  -nan 0.277 3000
0.277333  -nan 0.277333 3000
0.277667  -nan 0.277667 3000
0.278  -nan 0.278 3000
0.278333  -nan 0.278333 3000
0.278667  -nan 0.278667 3000
0.279  -nan 0.279 3000
0.279333  -nan 0.279333 3000
0.279667  -nan 0.279667 3000
0.28  -nan 0.28 3000
0.280333  -nan 0.280333 3000
0.280667  -nan 0.280667 3000
0.281  -nan 0.281 3000
0.281333  -nan 0.281333 3000
0.281667  -nan 0.281667 3000
0.282  -nan 0.282 3000
0.282333  -nan 0.282333 3000
0.282667  -nan 0.282667 3000
0.283  -nan 0.283 3000
0.283333  -nan 0.283333 3000
0.283667  -nan 0.283667 3000
0.284  -nan 0.284 3000
0.284333  -nan 0.284333 3000
0.284667  -nan 0.284667 3000
0.285  -nan 0.285 3000
0.285333  -nan 0.285333 3000
0.285667  -nan 0.285667 3000
0.286  -nan 0.286 3000
0.286333  -nan 0.286333 3000
0.286667  -nan 0.286667 3000
0.287  -nan 0.287 3000
0.287333  -nan 0.287333 3000
0.287667  -nan 0.287667 3000
0.288  -nan 0.288 3000
0.288333  -nan 0.288333 3000
0.288667  -nan 0.288667 3000
0.289  -nan 0.289 3000
0.289333  -nan 0.289333 3000
0.289667  -nan 0.289667 3000
0.29  -nan 0.29 3000
0.290333  -nan 0.290333 3000
0.290667  -nan 0.290667 3000
0.291  -nan 0.291 3000
0.291333  -nan 0.291333 3000
0.291667  -nan 0.291667 3000
0.292  -nan 0.292 3000
0.292333  -nan 0.292333 3000
0.292667  -nan 0.292667 3000
0.293  -nan 0.293 3000
0.293333  -nan 0.293333 3000
0.293667  -nan 0.293667 3000
0.294  -nan 0.294 3000
0.294333  -nan 0.294333 3000
0.294667  -nan 0.294667 3000
0.295  -nan 0.295 3000
0.295333  -nan 0.295333 3000
0.295667  -nan 0.295667 3000
0.296  -nan 0.296 3000
0.296333  -nan 0.296333 3000
0.296667  -nan 0.296667 3000
0.297  -nan 0.297 3000
0.297333  -nan 0.297333 3000
0.297667  -nan 0.297667 3000
0.298  -nan 0.298 3000
0.298333  -nan 0.298333 3000
0.298667  -nan 0.298667 3000
0.299  -nan 0.299 3000
0.299333  -nan 0.299333 3000
0.299667  -nan 0.299667 3000
0.3  -nan 0.3 3000
0.300333  -nan 0.300333 3000
0.300667  -nan 0.300667 3000
0.301  -nan 0.301 3000
0.301333  -nan 0.301333 3000
0.301667  -nan 0.301667 3000
0.302  -nan 0.302 3000
0.302333  -nan 0.302333 3000
0.302667  -nan 0.302667 3000
0.303  -nan 0.303 3000
0.303333  -nan 0.303333 3000
0.303667  -nan 0.303667 3000
0.304  -nan 0.304 3000
0.304333  -nan 0.304333 3000
0.304667  -nan 0.304667 3000
0.305  -nan 0.305 3000
0.305333  -nan 0.305333 3000
0.305667  -nan 0.305667 3000
0.306  -nan 0.306 3000
0.306333  -nan 0.306333 3000
0.306667  -nan 0.306667 3000
0.307  -nan 0.307 3000
0.307333  -nan 0.307333 3000
0.307667  -nan 0.307667 3000
0.308  -nan 0.308 3000
0.308333  -nan 0.308333 3000
0.308667  -nan 0.308667 3000
0.309  -nan 0.309 3000
0.309333  -nan 0.309333 3000
0.309667  -nan 0.309667 3000
0.31  -nan 0.31 3000
0.310333  -nan 0.310333 3000
0.310667  -nan 0.310667 3000
0.311  -nan 0.311 3000
0.311333  -nan 0.311333 3000
0.311667  -nan 0.311667 3000
0.312  -nan 0.312 3000
0.312333  -nan 0.312333 3000
0.312667  -nan 0.312667 3000
0.313  -nan 0.313 3000
0.313333  -nan 0.313333 3000
0.313667  -nan 0.313667 3000
0.314  -nan 0.314 3000
0.314333  -nan 0.314333 3000
0.314667  -nan 0.314667 3000
0.315  -nan 0.315 3000
0.315333  -nan 0.315333 3000
0.315667  -nan 0.315667 3000
0.316  -nan 0.316 3000
0.316333  -nan 0.316333 3000
0.316667  -nan 0.316667 3000
0.317  -nan 0.317 3000
0.317333  -nan 0.317333 3000
0.317667  -nan 0.317667 3000
0.318  -nan 0.318 3000
0.318333  -nan 0.318333 3000
0.318667  -nan 0.318667 3000
0.319  -nan 0.319 3000
0.319333  -nan 0.319333 3000
0.319667  -nan 0.319667 3000
0.32  -nan 0.32 3000
0.320333  -nan 0.320333 3000
0.320667  -nan 0.320667 3000
0.321  -nan 0.321 3000
0.321333  -nan 0.321333 3000
0.321667  -nan 0.321667 3000
0.322  -nan 0.322 3000
0.322333  -nan 0.322333 3000
0.322667  -nan 0.322667 3000
0.323  -nan 0.323 3000
0.323333  -nan 0.323333 3000
0.323667  -nan 0.323667 3000
0.324  -nan 0.324 3000
0.324333  -nan 0.324333 3000
0.324667  -nan 0.324667 3000
0.325  -nan 0.325 3000
0.325333  -nan 0.325333 3000
0.325667  -nan 0.325667 3000
0.326  -nan 0.326 3000
0.326333  -nan 0.326333 3000
0.326667  -nan 0.326667 3000
0.327  -nan 0.327 3000
0.327333  -nan 0.327333 3000
0.327667  -nan 0.327667 3000
0.328  -nan 0.328 3000
0.328333  -nan 0.328333 3000
0.328667  -nan 0.328667 3000
0.329  -nan 0.329 3000
0.329333  -nan 0.329333 3000
0.329667  -nan 0.329667 3000
0.33  -nan 0.33 3000
0.330333  -nan 0.330333 3000
0.330667  -nan 0.330667 3000
0.331  -nan 0.331 3000
0.331333  -nan 0.331333 3000
0.331667  -nan 0.331667 3000
0.332  -nan 0.332 3000
0.332333  -nan 0.332333 3000
0.332667  -nan 0.332667 3000
0.333  -nan 0.333 3000
0.333333  -nan 0.333333 3000
0.333667  -nan 0.333667 3000
0.334  -nan 0.334 3000
0.334333  -nan 0.334333 3000
0.334667  -nan 0.334667 3000
0.335  -nan 0.335 3000
0.335333  -nan 0.335333 3000
0.335667  -nan 0.335667 3000
0.336  -nan 0.336 3000
0.336333  -nan 0.336333 3000
0.336667  -nan 0.336667 3000
0.337  -nan 0.337 3000
0.337333  -nan 0.337333 3000
0.337667  -nan 0.337667 3000
0.338  -nan 0.338 3000
0.338333  -nan 0.338333 3000
0.338667  -nan 0.338667 3000
0.339  -nan 0.339 3000
0.339333  -nan 0.339333 3000
0.339667  -nan 0.339667 3000
0.34  -nan 0.34 3000
0.340333  -nan 0.340333 3000
0.340667  -nan 0.340667 3000
0.341  -nan 0.341 3000
0.341333  -nan 0.341333 3000
0.341667  -nan 0.341667 3000
0.342  -nan 0.342 3000
0.342333  -nan 0.342333 3000
0.342667  -nan 0.342667 3000
0.343  -nan 0.343 3000
0.343333  -nan 0.343333 3000
0.343667  -nan 0.343667 3000
0.344  -nan 0.344 3000
0.344333  -nan 0.344333 3000
0.344667  -nan 0.344667 3000
0.345  -nan 0.345 3000
0.345333  -nan 0.345333 3000
0.345667  -nan 0.345667 3000
0.346  -nan 0.346 3000
0.346333  -nan 0.346333 3000
0.346667  -nan 0.346667 3000
0.347  -nan 0.347 3000
0.347333  -nan 0.347333 3000
0.347667  -nan 0.347667 3000
0.348  -nan 0.348 3000
0.348333  -nan 0.348333 3000
0.348667  -nan 0.348667 3000
0.349  -nan 0.349 3000
0.349333  -nan 0.349333 3000
0.349667  -nan 0.349667 3000
0.35  -nan 0.35 3000
0.350333  -nan 0.350333 3000
0.350667  -nan 0.350667 3000
0.351  -nan 0.351 3000
0.351333  -nan 0.351333 3000
0.351667  -nan 0.351667 3000
0.352  -nan 0.352 3000
0.352333  -nan 0.352333 3000
0.352667  -nan 0.352667 3000
0.353  -nan 0.353 3000
0.353333  -nan 0.353333 3000
0.353667  -nan 0.353667 3000
0.354  -nan 0.354 3000
0.354333  -nan 0.354333 3000
0.354667  -nan 0.354667 3000
0.355  -nan 0.355 3000
0.355333  -nan 0.355333 3000
0.355667  -nan 0.355667 3000
0.356  -nan 0.356 3000
0.356333  -nan 0.356333 3000
0.356667  -nan 0.356667 3000
0.357  -nan 0.357 3000
0.357333  -nan 0.357333 3000
0.357667  -nan 0.357667 3000
0.358  -nan 0.358 3000
0.358333  -nan 0.358333 3000
0.358667  -nan 0.358667 3000
0.359  -nan 0.359 3000
0.359333  -nan 0.359333 3000
0.359667  -nan 0.359667 3000
0.36  -nan 0.36 3000
0.360333  -nan 0.360333 3000
0.360667  -nan 0.360667 3000
0.361  -nan 0.361 3000
0.361333  -nan 0.361333 3000
0.361667  -nan 0.361667 3000
0.362  -nan 0.362 3000
0.362333  -nan 0.362333 3000
0.362667  -nan 0.362667 3000
0.363  -nan 0.363 3000
0.363333  -nan 0.363333 3000
0.363667  -nan 0.363667 3000
0.364  -nan 0.364 3000
0.364333  -nan 0.364333 3000
0.364667  -nan 0.364667 3000
0.365  -nan 0.365 3000
0.365333  -nan 0.365333 3000
0.365667  -nan 0.365667 3000
0.366  -nan 0.366 3000
0.366333  -nan 0.366333 3000
0.366667  -nan 0.366667 3000
0.367  -nan 0.367 3000
0.367333  -nan 0.367333 3000
0.367667  -nan 0.367667 3000
0.368  -nan 0.368 3000
0.368333  -nan 0.368333 3000
0.368667  -nan 0.368667 3000
0.369  -nan 0.369 3000
0.369333  -nan 0.369333 3000
0.369667  -nan 0.369667 3000
0.37  -nan 0.37 3000
0.370333  -nan 0.370333 3000
0.370667  -nan 0.370667 3000
0.371  -nan 0.371 3000
0.371333  -nan 0.371333 3000
0.371667  -nan 0.371667 3000
0.372  -nan 0.372 3000
0.372333  -nan 0.372333 3000
0.372667  -nan 0.372667 3000
0.373  -nan 0.373 3000
0.373333  -nan 0.373333 3000
0.373667  -nan 0.373667 3000
0.374  -nan 0.374 3000
0.374333  -nan 0.374333 3000
0.374667  -nan 0.374667 3000
0.375  -nan 0.375 3000
0.375333  -nan 0.375333 3000
0.375667  -nan 0.375667 3000
0.376  -nan 0.376 3000
0.376333  -nan 0.376333 3000
0.376667  -nan 0.376667 3000
0.377  -nan 0.377 3000
0.377333  -nan 0.377333 3000
0.377667  -nan 0.377667 3000
0.378  -nan 0.378 3000
0.378333  -nan 0.378333 3000
0.378667  -nan 0.378667 3000
0.379  -nan 0.379 3000
0.379333  -nan 0.379333 3000
0.379667  -nan 0.379667 3000
0.38  -nan 0.38 3000
0.380333  -nan 0.380333 3000
0.380667  -nan 0.380667 3000
0.381  -nan 0.381 3000
0.381333  -nan 0.381333 3000
0.381667  -nan 0.381667 3000
0.382  -nan 0.382 3000
0.382333  -nan 0.382333 3000
0.382667  -nan 0.382667 3000
0.383  -nan 0.383 3000
0.383333  -nan 0.383333 3000
0.383667  -nan 0.383667 3000
0.384  -nan 0.384 3000
0.384333  -nan 0.384333 3000
0.384667  -nan 0.384667 3000
0.385  -nan 0.385 3000
0.385333  -nan 0.385333 3000
0.385667  -nan 0.385667 3000
0.386  -nan 0.386 3000
0.386333  -nan 0.386333 3000
0.386667  -nan 0.386667 3000
0.387  -nan 0.387 3000
0.387333  -nan 0.387333 3000
0.387667  -nan 0.387667 3000
0.388  -nan 0.388 3000
0.388333  -nan 0.388333 3000
0.388667  -nan 0.388667 3000
0.389  -nan 0.389 3000
0.389333  -nan 0.389333 3000
0.389667  -nan 0.389667 3000
0.39  -nan 0.39 3000
0.390333  -nan 0.390333 3000
0.390667  -nan 0.390667 3000
0.391  -nan 0.391 3000
0.391333  -nan 0.391333 3000
0.391667  -nan 0.391667 3000
0.392  -nan 0.392 3000
0.392333  -nan 0.392333 3000
0.392667  -nan 0.392667 3000
0.393  -nan 0.393 3000
0.393333  -nan 0.393333 3000
0.393667  -nan 0.393667 3000
0.394  -nan 0.394 3000
0.394333  -nan 0.394333 3000
0.394667  -nan 0.394667 3000
0.395  -nan 0.395 3000
0.395333  -nan 0.395333 3000
0.395667  -nan 0.395667 3000
0.396  -nan 0.396 3000
0.396333  -nan 0.396333 3000
0.396667  -nan 0.396667 3000
0.397  -nan 0.397 3000
0.397333  -nan 0.397333 3000
0.397667  -nan 0.397667 3000
0.398  -nan 0.398 3000
0.398333  -nan 0.398333 3000
0.398667  -nan 0.398667 3000
0.399  -nan 0.399 3000
0.399333  -nan 0.399333 3000
0.399667  -nan 0.399667 3000
0.4  -nan 0.4 3000
0.400333  -nan 0.400333 3000
0.400667  -nan 0.400667 3000
0.401  -nan 0.401 3000
0.401333  -nan 0.401333 3000
0.401667  -nan 0.401667 3000
0.402  -nan 0.402 3000
0.402333  -nan 0.402333 3000
0.402667  -nan 0.402667 3000
0.403  -nan 0.403 3000
0.403333  -nan 0.403333 3000
0.403667  -nan 0.403667 3000
0.404  -nan 0.404 3000
0.404333  -nan 0.404333 3000
0.404667  -nan 0.404667 3000
0.405  -nan 0.405 3000
0.405333  -nan 0.405333 3000
0.405667  -nan 0.405667 3000
0.406  -nan 0.406 3000
0.406333  -nan 0.406333 3000
0.406667  -nan 0.406667 3000
0.407  -nan 0.407 3000
0.407333  -nan 0.407333 3000
0.407667  -nan 0.407667 3000
0.408  -nan 0.408 3000
0.408333  -nan 0.408333 3000
0.408667  -nan 0.408667 3000
0.409  -nan 0.409 3000
0.409333  -nan 0.409333 3000
0.409667  -nan 0.409667 3000
0.41  -nan 0.41 3000
0.410333  -nan 0.410333 3000
0.410667  -nan 0.410667 3000
0.411  -nan 0.411 3000
0.411333  -nan 0.411333 3000
0.411667  -nan 0.411667 3000
0.412  -nan 0.412 3000
0.412333  -nan 0.412333 3000
0.412667  -nan 0.412667 3000
0.413  -nan 0.413 3000
0.413333  -nan 0.413333 3000
0.413667  -nan 0.413667 3000
0.414  -nan 0.414 3000
0.414333  -nan 0.414333 3000
0.414667  -nan 0.414667 3000
0.415  -nan 0.415 3000
0.415333  -nan 0.415333 3000
0.415667  -nan 0.415667 3000
0.416  -nan 0.416 3000
0.416333  -nan 0.416333 3000
0.416667  -nan 0.416667 3000
0.417  -nan 0.417 3000
0.417333  -nan 0.417333 3000
0.417667  -nan 0.417667 3000
0.418  -nan 0.418 3000
0.418333  -nan 0.418333 3000
0.418667  -nan 0.418667 3000
0.419  -nan 0.419 3000
0.419333  -nan 0.419333 3000
0.419667  -nan 0.419667 3000
0.42  -nan 0.42 3000
0.420333  -nan 0.420333 3000
0.420667  -nan 0.420667 3000
0.421  -nan 0.421 3000
0.421333  -nan 0.421333 3000
0.421667  -nan 0.421667 3000
0.422  -nan 0.422 3000
0.422333  -nan 0.422333 3000
0.422667  -nan 0.422667 3000
0.423  -nan 0.423 3000
0.423333  -nan 0.423333 3000
0.423667  -nan 0.423667 3000
0.424  -nan 0.424 3000
0.424333  -nan 0.424333 3000
0.424667  -nan 0.424667 3000
0.425  -nan 0.425 3000
0.425333  -nan 0.425333 3000
0.425667  -nan 0.425667 3000
0.426  -nan 0.426 3000
0.426333  -nan 0.426333 3000
0.426667  -nan 0.426667 3000
0.427  -nan 0.427 3000
0.427333  -nan 0.427333 3000
0.427667  -nan 0.427667 3000
0.428  -nan 0.428 3000
0.428333  -nan 0.428333 3000
0.428667  -nan 0.428667 3000
0.429  -nan 0.429 3000
0.429333  -nan 0.429333 3000
0.429667  -nan 0.429667 3000
0.43  -nan 0.43 3000
0.430333  -nan 0.430333 3000
0.430667  -nan 0.430667 3000
0.431  -nan 0.431 3000
0.431333  -nan 0.431333 3000
0.431667  -nan 0.431667 3000
0.432  -nan 0.432 3000
0.432333  -nan 0.432333 3000
0.432667  -nan 0.432667 3000
0.433  -nan 0.433 3000
0.433333  -nan 0.433333 3000
0.433667  -nan 0.433667 3000
0.434  -nan 0.434 3000
0.434333  -nan 0.434333 3000
0.434667  -nan 0.434667 3000
0.435  -nan 0.435 3000
0.435333  -nan 0.435333 3000
0.435667  -nan 0.435667 3000
0.436  -nan 0.436 3000
0.436333  -nan 0.436333 3000
0.436667  -nan 0.436667 3000
0.437  -nan 0.437 3000
0.437333  -nan 0.437333 3000
0.437667  -nan 0.437667 3000
0.438  -nan 0.438 3000
0.438333  -nan 0.438333 3000
0.438667  -nan 0.438667 3000
0.439  -nan 0.439 3000
0.439333  -nan 0.439333 3000
0.439667  -nan 0.439667 3000
0.44  -nan 0.44 3000
0.440333  -nan 0.440333 3000
0.440667  -nan 0.440667 3000
0.441  -nan 0.441 3000
0.441333  -nan 0.441333 3000
0.441667  -nan 0.441667 3000
0.442  -nan 0.442 3000
0.442333  -nan 0.442333 3000
0.442667  -nan 0.442667 3000
0.443  -nan 0.443 3000
0.443333  -nan 0.443333 3000
0.443667  -nan 0.443667 3000
0.444  -nan 0.444 3000
0.444333  -nan 0.444333 3000
0.444667  -nan 0.444667 3000
0.445  -nan 0.445 3000
0.445333  -nan 0.445333 3000
0.445667  -nan 0.445667 3000
0.446  -nan 0.446 3000
0.446333  -nan 0.446333 3000
0.446667  -nan 0.446667 3000
0.447  -nan 0.447 3000
0.447333  -nan 0.447333 3000
0.447667  -nan 0.447667 3000
0.448  -nan 0.448 3000
0.448333  -nan 0.448333 3000
0.448667  -nan 0.448667 3000
0.449  -nan 0.449 3000
0.449333  -nan 0.449333 3000
0.449667  -nan 0.449667 3000
0.45  -nan 0.45 3000
0.450333  -nan 0.450333 3000
0.450667  -nan 0.450667 3000
0.451  -nan 0.451 3000
0.451333  -nan 0.451333 3000
0.451667  -nan 0.451667 3000
0.452  -nan 0.452 3000
0.452333  -nan 0.452333 3000
0.452667  -nan 0.452667 3000
0.453  -nan 0.453 3000
0.453333  -nan 0.453333 3000
0.453667  -nan 0.453667 3000
0.454  -nan 0.454 3000
0.454333  -nan 0.454333 3000
0.454667  -nan 0.454667 3000
0.455  -nan 0.455 3000
0.455333  -nan 0.455333 3000
0.455667  -nan 0.455667 3000
0.456  -nan 0.456 3000
0.456333  -nan 0.456333 3000
0.456667  -nan 0.456667 3000
0.457  -nan 0.457 3000
0.457333  -nan 0.457333 3000
0.457667  -nan 0.457667 3000
0.458  -nan 0.458 3000
0.458333  -nan 0.458333 3000
0.458667  -nan 0.458667 3000
0.459  -nan 0.459 3000
0.459333  -nan 0.459333 3000
0.459667  -nan 0.459667 3000
0.46  -nan 0.46 3000
0.460333  -nan 0.460333 3000
0.460667  -nan 0.460667 3000
0.461  -nan 0.461 3000
0.461333  -nan 0.461333 3000
0.461667  -nan 0.461667 3000
0.462  -nan 0.462 3000
0.462333  -nan 0.462333 3000
0.462667  -nan 0.462667 3000
0.463  -nan 0.463 3000
0.463333  -nan 0.463333 3000
0.463667  -nan 0.463667 3000
0.464  -nan 0.464 3000
0.464333  -nan 0.464333 3000
0.464667  -nan 0.464667 3000
0.465  -nan 0.465 3000
0.465333  -nan 0.465333 3000
0.465667  -nan 0.465667 3000
0.466  -nan 0.466 3000
0.466333  -nan 0.466333 3000
0.466667  -nan 0.466667 3000
0.467  -nan 0.467 3000
0.467333  -nan 0.467333 3000
0.467667  -nan 0.467667 3000
0.468  -nan 0.468 3000
0.468333  -nan 0.468333 3000
0.468667  -nan 0.468667 3000
0.469  -nan 0.469 3000
0.469333  -nan 0.469333 3000
0.469667  -nan 0.469667 3000
0.47  -nan 0.47 3000
0.470333  -nan 0.470333 3000
0.470667  -nan 0.470667 3000
0.471  -nan 0.471 3000
0.471333  -nan 0.471333 3000
0.471667  -nan 0.471667 3000
0.472  -nan 0.472 3000
0.472333  -nan 0.472333 3000
0.472667  -nan 0.472667 3000
0.473  -nan 0.473 3000
0.473333  -nan 0.473333 3000
0.473667  -nan 0.473667 3000
0.474  -nan 0.474 3000
0.474333  -nan 0.474333 3000
0.474667  -nan 0.474667 3000
0.475  -nan 0.475 3000
0.475333  -nan 0.475333 3000
0.475667  -nan 0.475667 3000
0.476  -nan 0.476 3000
0.476333  -nan 0.476333 3000
0.476667  -nan 0.476667 3000
0.477  -nan 0.477 3000
0.477333  -nan 0.477333 3000
0.477667  -nan 0.477667 3000
0.478  -nan 0.478 3000
0.478333  -nan 0.478333 3000
0.478667  -nan 0.478667 3000
0.479  -nan 0.479 3000
0.479333  -nan 0.479333 3000
0.479667  -nan 0.479667 3000
0.48  -nan 0.48 3000
0.480333  -nan 0.480333 3000
0.480667  -nan 0.480667 3000
0.481  -nan 0.481 3000
0.481333  -nan 0.481333 3000
0.481667  -nan 0.481667 3000
0.482  -nan 0.482 3000
0.482333  -nan 0.482333 3000
0.482667  -nan 0.482667 3000
0.483  -nan 0.483 3000
0.483333  -nan 0.483333 3000
0.483667  -nan 0.483667 3000
0.484  -nan 0.484 3000
0.484333  -nan 0.484333 3000
0.484667  -nan 0.484667 3000
0.485  -nan 0.485 3000
0.485333  -nan 0.485333 3000
0.485667  -nan 0.485667 3000
0.486  -nan 0.486 3000
0.486333  -nan 0.486333 3000
0.486667  -nan 0.486667 3000
0.487  -nan 0.487 3000
0.487333  -nan 0.487333 3000
0.487667  -nan 0.487667 3000
0.488  -nan 0.488 3000
0.488333  -nan 0.488333 3000
0.488667  -nan 0.488667 3000
0.489  -nan 0.489 3000
0.489333  -nan 0.489333 3000
0.489667  -nan 0.489667 3000
0.49  -nan 0.49 3000
0.490333  -nan 0.490333 3000
0.490667  -nan 0.490667 3000
0.491  -nan 0.491 3000
0.491333  -nan 0.491333 3000
0.491667  -nan 0.491667 3000
0.492  -nan 0.492 3000
0.492333  -nan 0.492333 3000
0.492667  -nan 0.492667 3000
0.493  -nan 0.493 3000
0.493333  -nan 0.493333 3000
0.493667  -nan 0.493667 3000
0.494  -nan 0.494 3000
0.494333  -nan 0.494333 3000
0.494667  -nan 0.494667 3000
0.495  -nan 0.495 3000
0.495333  -nan 0.495333 3000
0.495667  -nan 0.495667 3000
0.496  -nan 0.496 3000
0.496333  -nan 0.496333 3000
0.496667  -nan 0.496667 3000
0.497  -nan 0.497 3000
0.497333  -nan 0.497333 3000
0.497667  -nan 0.497667 3000
0.498  -nan 0.498 3000
0.498333  -nan 0.498333 3000
0.498667  -nan 0.498667 3000
0.499  -nan 0.499 3000
0.499333  -nan 0.499333 3000
0.499667  -nan 0.499667 3000
0.5  -nan 0.5 3000
0.500333  -nan 0.500333 3000
0.500667  -nan 0.500667 3000
0.501  -nan 0.501 3000
0.501333  -nan 0.501333 3000
0.501667  -nan 0.501667 3000
0.502  -nan 0.502 3000
0.502333  -nan 0.502333 3000
0.502667  -nan 0.502667 3000
0.503  -nan 0.503 3000
0.503333  -nan 0.503333 3000
0.503667  -nan 0.503667 3000
0.504  -nan 0.504 3000
0.504333  -nan 0.504333 3000
0.504667  -nan 0.504667 3000
0.505  -nan 0.505 3000
0.505333  -nan 0.505333 3000
0.505667  -nan 0.505667 3000
0.506  -nan 0.506 3000
0.506333  -nan 0.506333 3000
0.506667  -nan 0.506667 3000
0.507  -nan 0.507 3000
0.507333  -nan 0.507333 3000
0.507667  -nan 0.507667 3000
0.508  -nan 0.508 3000
0.508333  -nan 0.508333 3000
0.508667  -nan 0.508667 3000
0.509  -nan 0.509 3000
0.509333  -nan 0.509333 3000
0.509667  -nan 0.509667 3000
0.51  -nan 0.51 3000
0.510333  -nan 0.510333 3000
0.510667  -nan 0.510667 3000
0.511  -nan 0.511 3000
0.511333  -nan 0.511333 3000
0.511667  -nan 0.511667 3000
0.512  -nan 0.512 3000
0.512333  -nan 0.512333 3000
0.512667  -nan 0.512667 3000
0.513  -nan 0.513 3000
0.513333  -nan 0.513333 3000
0.513667  -nan 0.513667 3000
0.514  -nan 0.514 3000
0.514333  -nan 0.514333 3000
0.514667  -nan 0.514667 3000
0.515  -nan 0.515 3000
0.515333  -nan 0.515333 3000
0.515667  -nan 0.515667 3000
0.516  -nan 0.516 3000
0.516333  -nan 0.516333 3000
0.516667  -nan 0.516667 3000
0.517  -nan 0.517 3000
0.517333  -nan 0.517333 3000
0.517667  -nan 0.517667 3000
0.518  -nan 0.518 3000
0.518333  -nan 0.518333 3000
0.518667  -nan 0.518667 3000
0.519  -nan 0.519 3000
0.519333  -nan 0.519333 3000
0.519667  -nan 0.519667 3000
0.52  -nan 0.52 3000
0.520333  -nan 0.520333 3000
0.520667  -nan 0.520667 3000
0.521  -nan 0.521 3000
0.521333  -nan 0.521333 3000
0.521667  -nan 0.521667 3000
0.522  -nan 0.522 3000
0.522333  -nan 0.522333 3000
0.522667  -nan 0.522667 3000
0.523  -nan 0.523 3000
0.523333  -nan 0.523333 3000
0.523667  -nan 0.523667 3000
0.524  -nan 0.524 3000
0.524333  -nan 0.524333 3000
0.524667  -nan 0.524667 3000
0.525  -nan 0.525 3000
0.525333  -nan 0.525333 3000
0.525667  -nan 0.525667 3000
0.526  -nan 0.526 3000
0.526333  -nan 0.526333 3000
0.526667  -nan 0.526667 3000
0.527  -nan 0.527 3000
0.527333  -nan 0.527333 3000
0.527667  -nan 0.527667 3000
0.528  -nan 0.528 3000
0.528333  -nan 0.528333 3000
0.528667  -nan 0.528667 3000
0.529  -nan 0.529 3000
0.529333  -nan 0.529333 3000
0.529667  -nan 0.529667 3000
0.53  -nan 0.53 3000
0.530333  -nan 0.530333 3000
0.530667  -nan 0.530667 3000
0.531  -nan 0.531 3000
0.531333  -nan 0.531333 3000
0.531667  -nan 0.531667 3000
0.532  -nan 0.532 3000
0.532333  -nan 0.532333 3000
0.532667  -nan 0.532667 3000
0.533  -nan 0.533 3000
0.533333  -nan 0.533333 3000
0.533667  -nan 0.533667 3000
0.534  -nan 0.534 3000
0.534333  -nan 0.534333 3000
0.534667  -nan 0.534667 3000
0.535  -nan 0.535 3000
0.535333  -nan 0.535333 3000
0.535667  -nan 0.535667 3000
0.536  -nan 0.536 3000
0.536333  -nan 0.536333 3000
0.536667  -nan 0.536667 3000
0.537  -nan 0.537 3000
0.537333  -nan 0.537333 3000
0.537667  -nan 0.537667 3000
0.538  -nan 0.538 3000
0.538333  -nan 0.538333 3000
0.538667  -nan 0.538667 3000
0.539  -nan 0.539 3000
0.539333  -nan 0.539333 3000
0.539667  -nan 0.539667 3000
0.54  -nan 0.54 3000
0.540333  -nan 0.540333 3000
0.540667  -nan 0.540667 3000
0.541  -nan 0.541 3000
0.541333  -nan 0.541333 3000
0.541667  -nan 0.541667 3000
0.542  -nan 0.542 3000
0.542333  -nan 0.542333 3000
0.542667  -nan 0.542667 3000
0.543  -nan 0.543 3000
0.543333  -nan 0.543333 3000
0.543667  -nan 0.543667 3000
0.544  -nan 0.544 3000
0.544333  -nan 0.544333 3000
0.544667  -nan 0.544667 3000
0.545  -nan 0.545 3000
0.545333  -nan 0.545333 3000
0.545667  -nan 0.545667 3000
0.546  -nan 0.546 3000
0.546333  -nan 0.546333 3000
0.546667  -nan 0.546667 3000
0.547  -nan 0.547 3000
0.547333  -nan 0.547333 3000
0.547667  -nan 0.547667 3000
0.548  -nan 0.548 3000
0.548333  -nan 0.548333 3000
0.548667  -nan 0.548667 3000
0.549  -nan 0.549 3000
0.549333  -nan 0.549333 3000
0.549667  -nan 0.549667 3000
0.55  -nan 0.55 3000
0.550333  -nan 0.550333 3000
0.550667  -nan 0.550667 3000
0.551  -nan 0.551 3000
0.551333  -nan 0.551333 3000
0.551667  -nan 0.551667 3000
0.552  -nan 0.552 3000
0.552333  -nan 0.552333 3000
0.552667  -nan 0.552667 3000
0.553  -nan 0.553 3000
0.553333  -nan 0.553333 3000
0.553667  -nan 0.553667 3000
0.554  -nan 0.554 3000
0.554333  -nan 0.554333 3000
0.554667  -nan 0.554667 3000
0.555  -nan 0.555 3000
0.555333  -nan 0.555333 3000
0.555667  -nan 0.555667 3000
0.556  -nan 0.556 3000
0.556333  -nan 0.556333 3000
0.556667  -nan 0.556667 3000
0.557  -nan 0.557 3000
0.557333  -nan 0.557333 3000
0.557667  -nan 0.557667 3000
0.558  -nan 0.558 3000
0.558333  -nan 0.558333 3000
0.558667  -nan 0.558667 3000
0.559  -nan 0.559 3000
0.559333  -nan 0.559333 3000
0.559667  -nan 0.559667 3000
0.56  -nan 0.56 3000
0.560333  -nan 0.560333 3000
0.560667  -nan 0.560667 3000
0.561  -nan 0.561 3000
0.561333  -nan 0.561333 3000
0.561667  -nan 0.561667 3000
0.562  -nan 0.562 3000
0.562333  -nan 0.562333 3000
0.562667  -nan 0.562667 3000
0.563  -nan 0.563 3000
0.563333  -nan 0.563333 3000
0.563667  -nan 0.563667 3000
0.564  -nan 0.564 3000
0.564333  -nan 0.564333 3000
0.564667  -nan 0.564667 3000
0.565  -nan 0.565 3000
0.565333  -nan 0.565333 3000
0.565667  -nan 0.565667 3000
0.566  -nan 0.566 3000
0.566333  -nan 0.566333 3000
0.566667  -nan 0.566667 3000
0.567  -nan 0.567 3000
0.567333  -nan 0.567333 3000
0.567667  -nan 0.567667 3000
0.568  -nan 0.568 3000
0.568333  -nan 0.568333 3000
0.568667  -nan 0.568667 3000
0.569  -nan 0.569 3000
0.569333  -nan 0.569333 3000
0.569667  -nan 0.569667 3000
0.57  -nan 0.57 3000
0.570333  -nan 0.570333 3000
0.570667  -nan 0.570667 3000
0.571  -nan 0.571 3000
0.571333  -nan 0.571333 3000
0.571667  -nan 0.571667 3000
0.572  -nan 0.572 3000
0.572333  -nan 0.572333 3000
0.572667  -nan 0.572667 3000
0.573  -nan 0.573 3000
0.573333  -nan 0.573333 3000
0.573667  -nan 0.573667 3000
0.574  -nan 0.574 3000
0.574333  -nan 0.574333 3000
0.574667  -nan 0.574667 3000
0.575  -nan 0.575 3000
0.575333  -nan 0.575333 3000
0.575667  -nan 0.575667 3000
0.576  -nan 0.576 3000
0.576333  -nan 0.576333 3000
0.576667  -nan 0.576667 3000
0.577  -nan 0.577 3000
0.577333  -nan 0.577333 3000
0.577667  -nan 0.577667 3000
0.578  -nan 0.578 3000
0.578333  -nan 0.578333 3000
0.578667  -nan 0.578667 3000
0.579  -nan 0.579 3000
0.579333  -nan 0.579333 3000
0.579667  -nan 0.579667 3000
0.58  -nan 0.58 3000
0.580333  -nan 0.580333 3000
0.580667  -nan 0.580667 3000
0.581  -nan 0.581 3000
0.581333  -nan 0.581333 3000
0.581667  -nan 0.581667 3000
0.582  -nan 0.582 3000
0.582333  -nan 0.582333 3000
0.582667  -nan 0.582667 3000
0.583  -nan 0.583 3000
0.583333  -nan 0.583333 3000
0.583667  -nan 0.583667 3000
0.584  -nan 0.584 3000
0.584333  -nan 0.584333 3000
0.584667  -nan 0.584667 3000
0.585  -nan 0.585 3000
0.585333  -nan 0.585333 3000
0.585667  -nan 0.585667 3000
0.586  -nan 0.586 3000
0.586333  -nan 0.586333 3000
0.586667  -nan 0.586667 3000
0.587  -nan 0.587 3000
0.587333  -nan 0.587333 3000
0.587667  -nan 0.587667 3000
0.588  -nan 0.588 3000
0.588333  -nan 0.588333 3000
0.588667  -nan 0.588667 3000
0.589  -nan 0.589 3000
0.589333  -nan 0.589333 3000
0.589667  -nan 0.589667 3000
0.59  -nan 0.59 3000
0.590333  -nan 0.590333 3000
0.590667  -nan 0.590667 3000
0.591  -nan 0.591 3000
0.591333  -nan 0.591333 3000
0.591667  -nan 0.591667 3000
0.592  -nan 0.592 3000
0.592333  -nan 0.592333 3000
0.592667  -nan 0.592667 3000
0.593  -nan 0.593 3000
0.593333  -nan 0.593333 3000
0.593667  -nan 0.593667 3000
0.594  -nan 0.594 3000
0.594333  -nan 0.594333 3000
0.594667  -nan 0.594667 3000
0.595  -nan 0.595 3000
0.595333  -nan 0.595333 3000
0.595667  -nan 0.595667 3000
0.596  -nan 0.596 3000
0.596333  -nan 0.596333 3000
0.596667  -nan 0.596667 3000
0.597  -nan 0.597 3000
0.597333  -nan 0.597333 3000
0.597667  -nan 0.597667 3000
0.598  -nan 0.598 3000
0.598333  -nan 0.598333 3000
0.598667  -nan 0.598667 3000
0.599  -nan 0.599 3000
0.599333  -nan 0.599333 3000
0.599667  -nan 0.599667 3000
0.6  -nan 0.6 3000
0.600333  -nan 0.600333 3000
0.600667  -nan 0.600667 3000
0.601  -nan 0.601 3000
0.601333  -nan 0.601333 3000
0.601667  -nan 0.601667 3000
0.602  -nan 0.602 3000
0.602333  -nan 0.602333 3000
0.602667  -nan 0.602667 3000
0.603  -nan 0.603 3000
0.603333  -nan 0.603333 3000
0.603667  -nan 0.603667 3000
0.604  -nan 0.604 3000
0.604333  -nan 0.604333 3000
0.604667  -nan 0.604667 3000
0.605  -nan 0.605 3000
0.605333  -nan 0.605333 3000
0.605667  -nan 0.605667 3000
0.606  -nan 0.606 3000
0.606333  -nan 0.606333 3000
0.606667  -nan 0.606667 3000
0.607  -nan 0.607 3000
0.607333  -nan 0.607333 3000
0.607667  -nan 0.607667 3000
0.608  -nan 0.608 3000
0.608333  -nan 0.608333 3000
0.608667  -nan 0.608667 3000
0.609  -nan 0.609 3000
0.609333  -nan 0.609333 3000
0.609667  -nan 0.609667 3000
0.61  -nan 0.61 3000
0.610333  -nan 0.610333 3000
0.610667  -nan 0.610667 3000
0.611  -nan 0.611 3000
0.611333  -nan 0.611333 3000
0.611667  -nan 0.611667 3000
0.612  -nan 0.612 3000
0.612333  -nan 0.612333 3000
0.612667  -nan 0.612667 3000
0.613  -nan 0.613 3000
0.613333  -nan 0.613333 3000
0.613667  -nan 0.613667 3000
0.614  -nan 0.614 3000
0.614333  -nan 0.614333 3000
0.614667  -nan 0.614667 3000
0.615  -nan 0.615 3000
0.615333  -nan 0.615333 3000
0.615667  -nan 0.615667 3000
0.616  -nan 0.616 3000
0.616333  -nan 0.616333 3000
0.616667  -nan 0.616667 3000
0.617  -nan 0.617 3000
0.617333  -nan 0.617333 3000
0.617667  -nan 0.617667 3000
0.618  -nan 0.618 3000
0.618333  -nan 0.618333 3000
0.618667  -nan 0.618667 3000
0.619  -nan 0.619 3000
0.619333  -nan 0.619333 3000
0.619667  -nan 0.619667 3000
0.62  -nan 0.62 3000
0.620333  -nan 0.620333 3000
0.620667  -nan 0.620667 3000
0.621  -nan 0.621 3000
0.621333  -nan 0.621333 3000
0.621667  -nan 0.621667 3000
0.622  -nan 0.622 3000
0.622333  -nan 0.622333 3000
0.622667  -nan 0.622667 3000
0.623  -nan 0.623 3000
0.623333  -nan 0.623333 3000
0.623667  -nan 0.623667 3000
0.624  -nan 0.624 3000
0.624333  -nan 0.624333 3000
0.624667  -nan 0.624667 3000
0.625  -nan 0.625 3000
0.625333  -nan 0.625333 3000
0.625667  -nan 0.625667 3000
0.626  -nan 0.626 3000
0.626333  -nan 0.626333 3000
0.626667  -nan 0.626667 3000
0.627  -nan 0.627 3000
0.627333  -nan 0.627333 3000
0.627667  -nan 0.627667 3000
0.628  -nan 0.628 3000
0.628333  -nan 0.628333 3000
0.628667  -nan 0.628667 3000
0.629  -nan 0.629 3000
0.629333  -nan 0.629333 3000
0.629667  -nan 0.629667 3000
0.63  -nan 0.63 3000
0.630333  -nan 0.630333 3000
0.630667  -nan 0.630667 3000
0.631  -nan 0.631 3000
0.631333  -nan 0.631333 3000
0.631667  -nan 0.631667 3000
0.632  -nan 0.632 3000
0.632333  -nan 0.632333 3000
0.632667  -nan 0.632667 3000
0.633  -nan 0.633 3000
0.633333  -nan 0.633333 3000
0.633667  -nan 0.633667 3000
0.634  -nan 0.634 3000
0.634333  -nan 0.634333 3000
0.634667  -nan 0.634667 3000
0.635  -nan 0.635 3000
0.635333  -nan 0.635333 3000
0.635667  -nan 0.635667 3000
0.636  -nan 0.636 3000
0.636333  -nan 0.636333 3000
0.636667  -nan 0.636667 3000
0.637  -nan 0.637 3000
0.637333  -nan 0.637333 3000
0.637667  -nan 0.637667 3000
0.638  -nan 0.638 3000
0.638333  -nan 0.638333 3000
0.638667  -nan 0.638667 3000
0.639  -nan 0.639 3000
0.639333  -nan 0.639333 3000
0.639667  -nan 0.639667 3000
0.64  -nan 0.64 3000
0.640333  -nan 0.640333 3000
0.640667  -nan 0.640667 3000
0.641  -nan 0.641 3000
0.641333  -nan 0.641333 3000
0.641667  -nan 0.641667 3000
0.642  -nan 0.642 3000
0.642333  -nan 0.642333 3000
0.642667  -nan 0.642667 3000
0.643  -nan 0.643 3000
0.643333  -nan 0.643333 3000
0.643667  -nan 0.643667 3000
0.644  -nan 0.644 3000
0.644333  -nan 0.644333 3000
0.644667  -nan 0.644667 3000
0.645  -nan 0.645 3000
0.645333  -nan 0.645333 3000
0.645667  -nan 0.645667 3000
0.646  -nan 0.646 3000
0.646333  -nan 0.646333 3000
0.646667  -nan 0.646667 3000
0.647  -nan 0.647 3000
0.647333  -nan 0.647333 3000
0.647667  -nan 0.647667 3000
0.648  -nan 0.648 3000
0.648333  -nan 0.648333 3000
0.648667  -nan 0.648667 3000
0.649  -nan 0.649 3000
0.649333  -nan 0.649333 3000
0.649667  -nan 0.649667 3000
0.65  -nan 0.65 3000
0.650333  -nan 0.650333 3000
0.650667  -nan 0.650667 3000
0.651  -nan 0.651 3000
0.651333  -nan 0.651333 3000
0.651667  -nan 0.651667 3000
0.652  -nan 0.652 3000
0.652333  -nan 0.652333 3000
0.652667  -nan 0.652667 3000
0.653  -nan 0.653 3000
0.653333  -nan 0.653333 3000
0.653667  -nan 0.653667 3000
0.654  -nan 0.654 3000
0.654333  -nan 0.654333 3000
0.654667  -nan 0.654667 3000
0.655  -nan 0.655 3000
0.655333  -nan 0.655333 3000
0.655667  -nan 0.655667 3000
0.656  -nan 0.656 3000
0.656333  -nan 0.656333 3000
0.656667  -nan 0.656667 3000
0.657  -nan 0.657 3000
0.657333  -nan 0.657333 3000
0.657667  -nan 0.657667 3000
0.658  -nan 0.658 3000
0.658333  -nan 0.658333 3000
0.658667  -nan 0.658667 3000
0.659  -nan 0.659 3000
0.659333  -nan 0.659333 3000
0.659667  -nan 0.659667 3000
0.66  -nan 0.66 3000
0.660333  -nan 0.660333 3000
0.660667  -nan 0.660667 3000
0.661  -nan 0.661 3000
0.661333  -nan 0.661333 3000
0.661667  -nan 0.661667 3000
0.662  -nan 0.662 3000
0.662333  -nan 0.662333 3000
0.662667  -nan 0.662667 3000
0.663  -nan 0.663 3000
0.663333  -nan 0.663333 3000
0.663667  -nan 0.663667 3000
0.664  -nan 0.664 3000
0.664333  -nan 0.664333 3000
0.664667  -nan 0.664667 3000
0.665  -nan 0.665 3000
0.665333  -nan 0.665333 3000
0.665667  -nan 0.665667 3000
0.666  -nan 0.666 3000
0.666333  -nan 0.666333 3000
0.666667  -nan 0.666667 3000
0.667  -nan 0.667 3000
0.667333  -nan 0.667333 3000
0.667667  -nan 0.667667 3000
0.668  -nan 0.668 3000
0.668333  -nan 0.668333 3000
0.668667  -nan 0.668667 3000
0.669  -nan 0.669 3000
0.669333  -nan 0.669333 3000
0.669667  -nan 0.669667 3000
0.67  -nan 0.67 3000
0.670333  -nan 0.670333 3000
0.670667  -nan 0.670667 3000
0.671  -nan 0.671 3000
0.671333  -nan 0.671333 3000
0.671667  -nan 0.671667 3000
0.672  -nan 0.672 3000
0.672333  -nan 0.672333 3000
0.672667  -nan 0.672667 3000
0.673  -nan 0.673 3000
0.673333  -nan 0.673333 3000
0.673667  -nan 0.673667 3000
0.674  -nan 0.674 3000
0.674333  -nan 0.674333 3000
0.674667  -nan 0.674667 3000
0.675  -nan 0.675 3000
0.675333  -nan 0.675333 3000
0.675667  -nan 0.675667 3000
0.676  -nan 0.676 3000
0.676333  -nan 0.676333 3000
0.676667  -nan 0.676667 3000
0.677  -nan 0.677 3000
0.677333  -nan 0.677333 3000
0.677667  -nan 0.677667 3000
0.678  -nan 0.678 3000
0.678333  -nan 0.678333 3000
0.678667  -nan 0.678667 3000
0.679  -nan 0.679 3000
0.679333  -nan 0.679333 3000
0.679667  -nan 0.679667 3000
0.68  -nan 0.68 3000
0.680333  -nan 0.680333 3000
0.680667  -nan 0.680667 3000
0.681  -nan 0.681 3000
0.681333  -nan 0.681333 3000
0.681667  -nan 0.681667 3000
0.682  -nan 0.682 3000
0.682333  -nan 0.682333 3000
0.682667  -nan 0.682667 3000
0.683  -nan 0.683 3000
0.683333  -nan 0.683333 3000
0.683667  -nan 0.683667 3000
0.684  -nan 0.684 3000
0.684333  -nan 0.684333 3000
0.684667  -nan 0.684667 3000
0.685  -nan 0.685 3000
0.685333  -nan 0.685333 3000
0.685667  -nan 0.685667 3000
0.686  -nan 0.686 3000
0.686333  -nan 0.686333 3000
0.686667  -nan 0.686667 3000
0.687  -nan 0.687 3000
0.687333  -nan 0.687333 3000
0.687667  -nan 0.687667 3000
0.688  -nan 0.688 3000
0.688333  -nan 0.688333 3000
0.688667  -nan 0.688667 3000
0.689  -nan 0.689 3000
0.689333  -nan 0.689333 3000
0.689667  -nan 0.689667 3000
0.69  -nan 0.69 3000
0.690333  -nan 0.690333 3000
0.690667  -nan 0.690667 3000
0.691  -nan 0.691 3000
0.691333  -nan 0.691333 3000
0.691667  -nan 0.691667 3000
0.692  -nan 0.692 3000
0.692333  -nan 0.692333 3000
0.692667  -nan 0.692667 3000
0.693  -nan 0.693 3000
0.693333  -nan 0.693333 3000
0.693667  -nan 0.693667 3000
0.694  -nan 0.694 3000
0.694333  -nan 0.694333 3000
0.694667  -nan 0.694667 3000
0.695  -nan 0.695 3000
0.695333  -nan 0.695333 3000
0.695667  -nan 0.695667 3000
0.696  -nan 0.696 3000
0.696333  -nan 0.696333 3000
0.696667  -nan 0.696667 3000
0.697  -nan 0.697 3000
0.697333  -nan 0.697333 3000
0.697667  -nan 0.697667 3000
0.698  -nan 0.698 3000
0.698333  -nan 0.698333 3000
0.698667  -nan 0.698667 3000
0.699  -nan 0.699 3000
0.699333  -nan 0.699333 3000
0.699667  -nan 0.699667 3000
0.7  -nan 0.7 3000
0.700333  -nan 0.700333 3000
0.700667  -nan 0.700667 3000
0.701  -nan 0.701 3000
0.701333  -nan 0.701333 3000
0.701667  -nan 0.701667 3000
0.702  -nan 0.702 3000
0.702333  -nan 0.702333 3000
0.702667  -nan 0.702667 3000
0.703  -nan 0.703 3000
0.703333  -nan 0.703333 3000
0.703667  -nan 0.703667 3000
0.704  -nan 0.704 3000
0.704333  -nan 0.704333 3000
0.704667  -nan 0.704667 3000
0.705  -nan 0.705 3000
0.705333  -nan 0.705333 3000
0.705667  -nan 0.705667 3000
0.706  -nan 0.706 3000
0.706333  -nan 0.706333 3000
0.706667  -nan 0.706667 3000
0.707  -nan 0.707 3000
0.707333  -nan 0.707333 3000
0.707667  -nan 0.707667 3000
0.708  -nan 0.708 3000
0.708333  -nan 0.708333 3000
0.708667  -nan 0.708667 3000
0.709  -nan 0.709 3000
0.709333  -nan 0.709333 3000
0.709667  -nan 0.709667 3000
0.71  -nan 0.71 3000
0.710333  -nan 0.710333 3000
0.710667  -nan 0.710667 3000
0.711  -nan 0.711 3000
0.711333  -nan 0.711333 3000
0.711667  -nan 0.711667 3000
0.712  -nan 0.712 3000
0.712333  -nan 0.712333 3000
0.712667  -nan 0.712667 3000
0.713  -nan 0.713 3000
0.713333  -nan 0.713333 3000
0.713667  -nan 0.713667 3000
0.714  -nan 0.714 3000
0.714333  -nan 0.714333 3000
0.714667  -nan 0.714667 3000
0.715  -nan 0.715 3000
0.715333  -nan 0.715333 3000
0.715667  -nan 0.715667 3000
0.716  -nan 0.716 3000
0.716333  -nan 0.716333 3000
0.716667  -nan 0.716667 3000
0.717  -nan 0.717 3000
0.717333  -nan 0.717333 3000
0.717667  -nan 0.717667 3000
0.718  -nan 0.718 3000
0.718333  -nan 0.718333 3000
0.718667  -nan 0.718667 3000
0.719  -nan 0.719 3000
0.719333  -nan 0.719333 3000
0.719667  -nan 0.719667 3000
0.72  -nan 0.72 3000
0.720333  -nan 0.720333 3000
0.720667  -nan 0.720667 3000
0.721  -nan 0.721 3000
0.721333  -nan 0.721333 3000
0.721667  -nan 0.721667 3000
0.722  -nan 0.722 3000
0.722333  -nan 0.722333 3000
0.722667  -nan 0.722667 3000
0.723  -nan 0.723 3000
0.723333  -nan 0.723333 3000
0.723667  -nan 0.723667 3000
0.724  -nan 0.724 3000
0.724333  -nan 0.724333 3000
0.724667  -nan 0.724667 3000
0.725  -nan 0.725 3000
0.725333  -nan 0.725333 3000
0.725667  -nan 0.725667 3000
0.726  -nan 0.726 3000
0.726333  -nan 0.726333 3000
0.726667  -nan 0.726667 3000
0.727  -nan 0.727 3000
0.727333  -nan 0.727333 3000
0.727667  -nan 0.727667 3000
0.728  -nan 0.728 3000
0.728333  -nan 0.728333 3000
0.728667  -nan 0.728667 3000
0.729  -nan 0.729 3000
0.729333  -nan 0.729333 3000
0.729667  -nan 0.729667 3000
0.73  -nan 0.73 3000
0.730333  -nan 0.730333 3000
0.730667  -nan 0.730667 3000
0.731  -nan 0.731 3000
0.731333  -nan 0.731333 3000
0.731667  -nan 0.731667 3000
0.732  -nan 0.732 3000
0.732333  -nan 0.732333 3000
0.732667  -nan 0.732667 3000
0.733  -nan 0.733 3000
0.733333  -nan 0.733333 3000
0.733667  -nan 0.733667 3000
0.734  -nan 0.734 3000
0.734333  -nan 0.734333 3000
0.734667  -nan 0.734667 3000
0.735  -nan 0.735 3000
0.735333  -nan 0.735333 3000
0.735667  -nan 0.735667 3000
0.736  -nan 0.736 3000
0.736333  -nan 0.736333 3000
0.736667  -nan 0.736667 3000
0.737  -nan 0.737 3000
0.737333  -nan 0.737333 3000
0.737667  -nan 0.737667 3000
0.738  -nan 0.738 3000
0.738333  -nan 0.738333 3000
0.738667  -nan 0.738667 3000
0.739  -nan 0.739 3000
0.739333  -nan 0.739333 3000
0.739667  -nan 0.739667 3000
0.74  -nan 0.74 3000
0.740333  -nan 0.740333 3000
0.740667  -nan 0.740667 3000
0.741  -nan 0.741 3000
0.741333  -nan 0.741333 3000
0.741667  -nan 0.741667 3000
0.742  -nan 0.742 3000
0.742333  -nan 0.742333 3000
0.742667  -nan 0.742667 3000
0.743  -nan 0.743 3000
0.743333  -nan 0.743333 3000
0.743667  -nan 0.743667 3000
0.744  -nan 0.744 3000
0.744333  -nan 0.744333 3000
0.744667  -nan 0.744667 3000
0.745  -nan 0.745 3000
0.745333  -nan 0.745333 3000
0.745667  -nan 0.745667 3000
0.746  -nan 0.746 3000
0.746333  -nan 0.746333 3000
0.746667  -nan 0.746667 3000
0.747  -nan 0.747 3000
0.747333  -nan 0.747333 3000
0.747667  -nan 0.747667 3000
0.748  -nan 0.748 3000
0.748333  -nan 0.748333 3000
0.748667  -nan 0.748667 3000
0.749  -nan 0.749 3000
0.749333  -nan 0.749333 3000
0.749667  -nan 0.749667 3000
0.75  -nan 0.75 3000
0.750333  -nan 0.750333 3000
0.750667  -nan 0.750667 3000
0.751  -nan 0.751 3000
0.751333  -nan 0.751333 3000
0.751667  -nan 0.751667 3000
0.752  -nan 0.752 3000
0.752333  -nan 0.752333 3000
0.752667  -nan 0.752667 3000
0.753  -nan 0.753 3000
0.753333  -nan 0.753333 3000
0.753667  -nan 0.753667 3000
0.754  -nan 0.754 3000
0.754333  -nan 0.754333 3000
0.754667  -nan 0.754667 3000
0.755  -nan 0.755 3000
0.755333  -nan 0.755333 3000
0.755667  -nan 0.755667 3000
0.756  -nan 0.756 3000
0.756333  -nan 0.756333 3000
0.756667  -nan 0.756667 3000
0.757  -nan 0.757 3000
0.757333  -nan 0.757333 3000
0.757667  -nan 0.757667 3000
0.758  -nan 0.758 3000
0.758333  -nan 0.758333 3000
0.758667  -nan 0.758667 3000
0.759  -nan 0.759 3000
0.759333  -nan 0.759333 3000
0.759667  -nan 0.759667 3000
0.76  -nan 0.76 3000
0.760333  -nan 0.760333 3000
0.760667  -nan 0.760667 3000
0.761  -nan 0.761 3000
0.761333  -nan 0.761333 3000
0.761667  -nan 0.761667 3000
0.762  -nan 0.762 3000
0.762333  -nan 0.762333 3000
0.762667  -nan 0.762667 3000
0.763  -nan 0.763 3000
0.763333  -nan 0.763333 3000
0.763667  -nan 0.763667 3000
0.764  -nan 0.764 3000
0.764333  -nan 0.764333 3000
0.764667  -nan 0.764667 3000
0.765  -nan 0.765 3000
0.765333  -nan 0.765333 3000
0.765667  -nan 0.765667 3000
0.766  -nan 0.766 3000
0.766333  -nan 0.766333 3000
0.766667  -nan 0.766667 3000
0.767  -nan 0.767 3000
0.767333  -nan 0.767333 3000
0.767667  -nan 0.767667 3000
0.768  -nan 0.768 3000
0.768333  -nan 0.768333 3000
0.768667  -nan 0.768667 3000
0.769  -nan 0.769 3000
0.769333  -nan 0.769333 3000
0.769667  -nan 0.769667 3000
0.77  -nan 0.77 3000
0.770333  -nan 0.770333 3000
0.770667  -nan 0.770667 3000
0.771  -nan 0.771 3000
0.771333  -nan 0.771333 3000
0.771667  -nan 0.771667 3000
0.772  -nan 0.772 3000
0.772333  -nan 0.772333 3000
0.772667  -nan 0.772667 3000
0.773  -nan 0.773 3000
0.773333  -nan 0.773333 3000
0.773667  -nan 0.773667 3000
0.774  -nan 0.774 3000
0.774333  -nan 0.774333 3000
0.774667  -nan 0.774667 3000
0.775  -nan 0.775 3000
0.775333  -nan 0.775333 3000
0.775667  -nan 0.775667 3000
0.776  -nan 0.776 3000
0.776333  -nan 0.776333 3000
0.776667  -nan 0.776667 3000
0.777  -nan 0.777 3000
0.777333  -nan 0.777333 3000
0.777667  -nan 0.777667 3000
0.778  -nan 0.778 3000
0.778333  -nan 0.778333 3000
0.778667  -nan 0.778667 3000
0.779  -nan 0.779 3000
0.779333  -nan 0.779333 3000
0.779667  -nan 0.779667 3000
0.78  -nan 0.78 3000
0.780333  -nan 0.780333 3000
0.780667  -nan 0.780667 3000
0.781  -nan 0.781 3000
0.781333  -nan 0.781333 3000
0.781667  -nan 0.781667 3000
0.782  -nan 0.782 3000
0.782333  -nan 0.782333 3000
0.782667  -nan 0.782667 3000
0.783  -nan 0.783 3000
0.783333  -nan 0.783333 3000
0.783667  -nan 0.783667 3000
0.784  -nan 0.784 3000
0.784333  -nan 0.784333 3000
0.784667  -nan 0.784667 3000
0.785  -nan 0.785 3000
0.785333  -nan 0.785333 3000
0.785667  -nan 0.785667 3000
0.786  -nan 0.786 3000
0.786333  -nan 0.786333 3000
0.786667  -nan 0.786667 3000
0.787  -nan 0.787 3000
0.787333  -nan 0.787333 3000
0.787667  -nan 0.787667 3000
0.788  -nan 0.788 3000
0.788333  -nan 0.788333 3000
0.788667  -nan 0.788667 3000
0.789  -nan 0.789 3000
0.789333  -nan 0.789333 3000
0.789667  -nan 0.789667 3000
0.79  -nan 0.79 3000
0.790333  -nan 0.790333 3000
0.790667  -nan 0.790667 3000
0.791  -nan 0.791 3000
0.791333  -nan 0.791333 3000
0.791667  -nan 0.791667 3000
0.792  -nan 0.792 3000
0.792333  -nan 0.792333 3000
0.792667  -nan 0.792667 3000
0.793  -nan 0.793 3000
0.793333  -nan 0.793333 3000
0.793667  -nan 0.793667 3000
0.794  -nan 0.794 3000
0.794333  -nan 0.794333 3000
0.794667  -nan 0.794667 3000
0.795  -nan 0.795 3000
0.795333  -nan 0.795333 3000
0.795667  -nan 0.795667 3000
0.796  -nan 0.796 3000
0.796333  -nan 0.796333 3000
0.796667  -nan 0.796667 3000
0.797  -nan 0.797 3000
0.797333  -nan 0.797333 3000
0.797667  -nan 0.797667 3000
0.798  -nan 0.798 3000
0.798333  -nan 0.798333 3000
0.798667  -nan 0.798667 3000
0.799  -nan 0.799 3000
0.799333  -nan 0.799333 3000
0.799667  -nan 0.799667 3000
0.8  -nan 0.8 3000
0.800333  -nan 0.800333 3000
0.800667  -nan 0.800667 3000
0.801  -nan 0.801 3000
0.801333  -nan 0.801333 3000
0.801667  -nan 0.801667 3000
0.802  -nan 0.802 3000
0.802333  -nan 0.802333 3000
0.802667  -nan 0.802667 3000
0.803  -nan 0.803 3000
0.803333  -nan 0.803333 3000
0.803667  -nan 0.803667 3000
0.804  -nan 0.804 3000
0.804333  -nan 0.804333 3000
0.804667  -nan 0.804667 3000
0.805  -nan 0.805 3000
0.805333  -nan 0.805333 3000
0.805667  -nan 0.805667 3000
0.806  -nan 0.806 3000
0.806333  -nan 0.806333 3000
0.806667  -nan 0.806667 3000
0.807  -nan 0.807 3000
0.807333  -nan 0.807333 3000
0.807667  -nan 0.807667 3000
0.808  -nan 0.808 3000
0.808333  -nan 0.808333 3000
0.808667  -nan 0.808667 3000
0.809  -nan 0.809 3000
0.809333  -nan 0.809333 3000
0.809667  -nan 0.809667 3000
0.81  -nan 0.81 3000
0.810333  -nan 0.810333 3000
0.810667  -nan 0.810667 3000
0.811  -nan 0.811 3000
0.811333  -nan 0.811333 3000
0.811667  -nan 0.811667 3000
0.812  -nan 0.812 3000
0.812333  -nan 0.812333 3000
0.812667  -nan 0.812667 3000
0.813  -nan 0.813 3000
0.813333  -nan 0.813333 3000
0.813667  -nan 0.813667 3000
0.814  -nan 0.814 3000
0.814333  -nan 0.814333 3000
0.814667  -nan 0.814667 3000
0.815  -nan 0.815 3000
0.815333  -nan 0.815333 3000
0.815667  -nan 0.815667 3000
0.816  -nan 0.816 3000
0.816333  -nan 0.816333 3000
0.816667  -nan 0.816667 3000
0.817  -nan 0.817 3000
0.817333  -nan 0.817333 3000
0.817667  -nan 0.817667 3000
0.818  -nan 0.818 3000
0.818333  -nan 0.818333 3000
0.818667  -nan 0.818667 3000
0.819  -nan 0.819 3000
0.819333  -nan 0.819333 3000
0.819667  -nan 0.819667 3000
0.82  -nan 0.82 3000
0.820333  -nan 0.820333 3000
0.820667  -nan 0.820667 3000
0.821  -nan 0.821 3000
0.821333  -nan 0.821333 3000
0.821667  -nan 0.821667 3000
0.822  -nan 0.822 3000
0.822333  -nan 0.822333 3000
0.822667  -nan 0.822667 3000
0.823  -nan 0.823 3000
0.823333  -nan 0.823333 3000
0.823667  -nan 0.823667 3000
0.824  -nan 0.824 3000
0.824333  -nan 0.824333 3000
0.824667  -nan 0.824667 3000
0.825  -nan 0.825 3000
0.825333  -nan 0.825333 3000
0.825667  -nan 0.825667 3000
0.826  -nan 0.826 3000
0.826333  -nan 0.826333 3000
0.826667  -nan 0.826667 3000
0.827  -nan 0.827 3000
0.827333  -nan 0.827333 3000
0.827667  -nan 0.827667 3000
0.828  -nan 0.828 3000
0.828333  -nan 0.828333 3000
0.828667  -nan 0.828667 3000
0.829  -nan 0.829 3000
0.829333  -nan 0.829333 3000
0.829667  -nan 0.829667 3000
0.83  -nan 0.83 3000
0.830333  -nan 0.830333 3000
0.830667  -nan 0.830667 3000
0.831  -nan 0.831 3000
0.831333  -nan 0.831333 3000
0.831667  -nan 0.831667 3000
0.832  -nan 0.832 3000
0.832333  -nan 0.832333 3000
0.832667  -nan 0.832667 3000
0.833  -nan 0.833 3000
0.833333  -nan 0.833333 3000
0.833667  -nan 0.833667 3000
0.834  -nan 0.834 3000
0.834333  -nan 0.834333 3000
0.834667  -nan 0.834667 3000
0.835  -nan 0.835 3000
0.835333  -nan 0.835333 3000
0.835667  -nan 0.835667 3000
0.836  -nan 0.836 3000
0.836333  -nan 0.836333 3000
0.836667  -nan 0.836667 3000
0.837  -nan 0.837 3000
0.837333  -nan 0.837333 3000
0.837667  -nan 0.837667 3000
0.838  -nan 0.838 3000
0.838333  -nan 0.838333 3000
0.838667  -nan 0.838667 3000
0.839  -nan 0.839 3000
0.839333  -nan 0.839333 3000
0.839667  -nan 0.839667 3000
0.84  -nan 0.84 3000
0.840333  -nan 0.840333 3000
0.840667  -nan 0.840667 3000
0.841  -nan 0.841 3000
0.841333  -nan 0.841333 3000
0.841667  -nan 0.841667 3000
0.842  -nan 0.842 3000
0.842333  -nan 0.842333 3000
0.842667  -nan 0.842667 3000
0.843  -nan 0.843 3000
0.843333  -nan 0.843333 3000
0.843667  -nan 0.843667 3000
0.844  -nan 0.844 3000
0.844333  -nan 0.844333 3000
0.844667  -nan 0.844667 3000
0.845  -nan 0.845 3000
0.845333  -nan 0.845333 3000
0.845667  -nan 0.845667 3000
0.846  -nan 0.846 3000
0.846333  -nan 0.846333 3000
0.846667  -nan 0.846667 3000
0.847  -nan 0.847 3000
0.847333  -nan 0.847333 3000
0.847667  -nan 0.847667 3000
0.848  -nan 0.848 3000
0.848333  -nan 0.848333 3000
0.848667  -nan 0.848667 3000
0.849  -nan 0.849 3000
0.849333  -nan 0.849333 3000
0.849667  -nan 0.849667 3000
0.85  -nan 0.85 3000
0.850333  -nan 0.850333 3000
0.850667  -nan 0.850667 3000
0.851  -nan 0.851 3000
0.851333  -nan 0.851333 3000
0.851667  -nan 0.851667 3000
0.852  -nan 0.852 3000
0.852333  -nan 0.852333 3000
0.852667  -nan 0.852667 3000
0.853  -nan 0.853 3000
0.853333  -nan 0.853333 3000
0.853667  -nan 0.853667 3000
0.854  -nan 0.854 3000
0.854333  -nan 0.854333 3000
0.854667  -nan 0.854667 3000
0.855  -nan 0.855 3000
0.855333  -nan 0.855333 3000
0.855667  -nan 0.855667 3000
0.856  -nan 0.856 3000
0.856333  -nan 0.856333 3000
0.856667  -nan 0.856667 3000
0.857  -nan 0.857 3000
0.857333  -nan 0.857333 3000
0.857667  -nan 0.857667 3000
0.858  -nan 0.858 3000
0.858333  -nan 0.858333 3000
0.858667  -nan 0.858667 3000
0.859  -nan 0.859 3000
0.859333  -nan 0.859333 3000
0.859667  -nan 0.859667 3000
0.86  -nan 0.86 3000
0.860333  -nan 0.860333 3000
0.860667  -nan 0.860667 3000
0.861  -nan 0.861 3000
0.861333  -nan 0.861333 3000
0.861667  -nan 0.861667 3000
0.862  -nan 0.862 3000
0.862333  -nan 0.862333 3000
0.862667  -nan 0.862667 3000
0.863  -nan 0.863 3000
0.863333  -nan 0.863333 3000
0.863667  -nan 0.863667 3000
0.864  -nan 0.864 3000
0.864333  -nan 0.864333 3000
0.864667  -nan 0.864667 3000
0.865  -nan 0.865 3000
0.865333  -nan 0.865333 3000
0.865667  -nan 0.865667 3000
0.866  -nan 0.866 3000
0.866333  -nan 0.866333 3000
0.866667  -nan 0.866667 3000
0.867  -nan 0.867 3000
0.867333  -nan 0.867333 3000
0.867667  -nan 0.867667 3000
0.868  -nan 0.868 3000
0.868333  -nan 0.868333 3000
0.868667  -nan 0.868667 3000
0.869  -nan 0.869 3000
0.869333  -nan 0.869333 3000
0.869667  -nan 0.869667 3000
0.87  -nan 0.87 3000
0.870333  -nan 0.870333 3000
0.870667  -nan 0.870667 3000
0.871  -nan 0.871 3000
0.871333  -nan 0.871333 3000
0.871667  -nan 0.871667 3000
0.872  -nan 0.872 3000
0.872333  -nan 0.872333 3000
0.872667  -nan 0.872667 3000
0.873  -nan 0.873 3000
0.873333  -nan 0.873333 3000
0.873667  -nan 0.873667 3000
0.874  -nan 0.874 3000
0.874333  -nan 0.874333 3000
0.874667  -nan 0.874667 3000
0.875  -nan 0.875 3000
0.875333  -nan 0.875333 3000
0.875667  -nan 0.875667 3000
0.876  -nan 0.876 3000
0.876333  -nan 0.876333 3000
0.876667  -nan 0.876667 3000
0.877  -nan 0.877 3000
0.877333  -nan 0.877333 3000
0.877667  -nan 0.877667 3000
0.878  -nan 0.878 3000
0.878333  -nan 0.878333 3000
0.878667  -nan 0.878667 3000
0.879  -nan 0.879 3000
0.879333  -nan 0.879333 3000
0.879667  -nan 0.879667 3000
0.88  -nan 0.88 3000
0.880333  -nan 0.880333 3000
0.880667  -nan 0.880667 3000
0.881  -nan 0.881 3000
0.881333  -nan 0.881333 3000
0.881667  -nan 0.881667 3000
0.882  -nan 0.882 3000
0.882333  -nan 0.882333 3000
0.882667  -nan 0.882667 3000
0.883  -nan 0.883 3000
0.883333  -nan 0.883333 3000
0.883667  -nan 0.883667 3000
0.884  -nan 0.884 3000
0.884333  -nan 0.884333 3000
0.884667  -nan 0.884667 3000
0.885  -nan 0.885 3000
0.885333  -nan 0.885333 3000
0.885667  -nan 0.885667 3000
0.886  -nan 0.886 3000
0.886333  -nan 0.886333 3000
0.886667  -nan 0.886667 3000
0.887  -nan 0.887 3000
0.887333  -nan 0.887333 3000
0.887667  -nan 0.887667 3000
0.888  -nan 0.888 3000
0.888333  -nan 0.888333 3000
0.888667  -nan 0.888667 3000
0.889  -nan 0.889 3000
0.889333  -nan 0.889333 3000
0.889667  -nan 0.889667 3000
0.89  -nan 0.89 3000
0.890333  -nan 0.890333 3000
0.890667  -nan 0.890667 3000
0.891  -nan 0.891 3000
0.891333  -nan 0.891333 3000
0.891667  -nan 0.891667 3000
0.892  -nan 0.892 3000
0.892333  -nan 0.892333 3000
0.892667  -nan 0.892667 3000
0.893  -nan 0.893 3000
0.893333  -nan 0.893333 3000
0.893667  -nan 0.893667 3000
0.894  -nan 0.894 3000
0.894333  -nan 0.894333 3000
0.894667  -nan 0.894667 3000
0.895  -nan 0.895 3000
0.895333  -nan 0.895333 3000
0.895667  -nan 0.895667 3000
0.896  -nan 0.896 3000
0.896333  -nan 0.896333 3000
0.896667  -nan 0.896667 3000
0.897  -nan 0.897 3000
0.897333  -nan 0.897333 3000
0.897667  -nan 0.897667 3000
0.898  -nan 0.898 3000
0.898333  -nan 0.898333 3000
0.898667  -nan 0.898667 3000
0.899  -nan 0.899 3000
0.899333  -nan 0.899333 3000
0.899667  -nan 0.899667 3000
0.9  -nan 0.9 3000
0.900333  -nan 0.900333 3000
0.900667  -nan 0.900667 3000
0.901  -nan 0.901 3000
0.901333  -nan 0.901333 3000
0.901667  -nan 0.901667 3000
0.902  -nan 0.902 3000
0.902333  -nan 0.902333 3000
0.902667  -nan 0.902667 3000
0.903  -nan 0.903 3000
0.903333  -nan 0.903333 3000
0.903667  -nan 0.903667 3000
0.904  -nan 0.904 3000
0.904333  -nan 0.904333 3000
0.904667  -nan 0.904667 3000
0.905  -nan 0.905 3000
0.905333  -nan 0.905333 3000
0.905667  -nan 0.905667 3000
0.906  -nan 0.906 3000
0.906333  -nan 0.906333 3000
0.906667  -nan 0.906667 3000
0.907  -nan 0.907 3000
0.907333  -nan 0.907333 3000
0.907667  -nan 0.907667 3000
0.908  -nan 0.908 3000
0.908333  -nan 0.908333 3000
0.908667  -nan 0.908667 3000
0.909  -nan 0.909 3000
0.909333  -nan 0.909333 3000
0.909667  -nan 0.909667 3000
0.91  -nan 0.91 3000
0.910333  -nan 0.910333 3000
0.910667  -nan 0.910667 3000
0.911  -nan 0.911 3000
0.911333  -nan 0.911333 3000
0.911667  -nan 0.911667 3000
0.912  -nan 0.912 3000
0.912333  -nan 0.912333 3000
0.912667  -nan 0.912667 3000
0.913  -nan 0.913 3000
0.913333  -nan 0.913333 3000
0.913667  -nan 0.913667 3000
0.914  -nan 0.914 3000
0.914333  -nan 0.914333 3000
0.914667  -nan 0.914667 3000
0.915  -nan 0.915 3000
0.915333  -nan 0.915333 3000
0.915667  -nan 0.915667 3000
0.916  -nan 0.916 3000
0.916333  -nan 0.916333 3000
0.916667  -nan 0.916667 3000
0.917  -nan 0.917 3000
0.917333  -nan 0.917333 3000
0.917667  -nan 0.917667 3000
0.918  -nan 0.918 3000
0.918333  -nan 0.918333 3000
0.918667  -nan 0.918667 3000
0.919  -nan 0.919 3000
0.919333  -nan 0.919333 3000
0.919667  -nan 0.919667 3000
0.92  -nan 0.92 3000
0.920333  -nan 0.920333 3000
0.920667  -nan 0.920667 3000
0.921  -nan 0.921 3000
0.921333  -nan 0.921333 3000
0.921667  -nan 0.921667 3000
0.922  -nan 0.922 3000
0.922333  -nan 0.922333 3000
0.922667  -nan 0.922667 3000
0.923  -nan 0.923 3000
0.923333  -nan 0.923333 3000
0.923667  -nan 0.923667 3000
0.924  -nan 0.924 3000
0.924333  -nan 0.924333 3000
0.924667  -nan 0.924667 3000
0.925  -nan 0.925 3000
0.925333  -nan 0.925333 3000
0.925667  -nan 0.925667 3000
0.926  -nan 0.926 3000
0.926333  -nan 0.926333 3000
0.926667  -nan 0.926667 3000
0.927  -nan 0.927 3000
0.927333  -nan 0.927333 3000
0.927667  -nan 0.927667 3000
0.928  -nan 0.928 3000
0.928333  -nan 0.928333 3000
0.928667  -nan 0.928667 3000
0.929  -nan 0.929 3000
0.929333  -nan 0.929333 3000
0.929667  -nan 0.929667 3000
0.93  -nan 0.93 3000
0.930333  -nan 0.930333 3000
0.930667  -nan 0.930667 3000
0.931  -nan 0.931 3000
0.931333  -nan 0.931333 3000
0.931667  -nan 0.931667 3000
0.932  -nan 0.932 3000
0.932333  -nan 0.932333 3000
0.932667  -nan 0.932667 3000
0.933  -nan 0.933 3000
0.933333  -nan 0.933333 3000
0.933667  -nan 0.933667 3000
0.934  -nan 0.934 3000
0.934333  -nan 0.934333 3000
0.934667  -nan 0.934667 3000
0.935  -nan 0.935 3000
0.935333  -nan 0.935333 3000
0.935667  -nan 0.935667 3000
0.936  -nan 0.936 3000
0.936333  -nan 0.936333 3000
0.936667  -nan 0.936667 3000
0.937  -nan 0.937 3000
0.937333  -nan 0.937333 3000
0.937667  -nan 0.937667 3000
0.938  -nan 0.938 3000
0.938333  -nan 0.938333 3000
0.938667  -nan 0.938667 3000
0.939  -nan 0.939 3000
0.939333  -nan 0.939333 3000
0.939667  -nan 0.939667 3000
0.94  -nan 0.94 3000
0.940333  -nan 0.940333 3000
0.940667  -nan 0.940667 3000
0.941  -nan 0.941 3000
0.941333  -nan 0.941333 3000
0.941667  -nan 0.941667 3000
0.942  -nan 0.942 3000
0.942333  -nan 0.942333 3000
0.942667  -nan 0.942667 3000
0.943  -nan 0.943 3000
0.943333  -nan 0.943333 3000
0.943667  -nan 0.943667 3000
0.944  -nan 0.944 3000
0.944333  -nan 0.944333 3000
0.944667  -nan 0.944667 3000
0.945  -nan 0.945 3000
0.945333  -nan 0.945333 3000
0.945667  -nan 0.945667 3000
0.946  -nan 0.946 3000
0.946333  -nan 0.946333 3000
0.946667  -nan 0.946667 3000
0.947  -nan 0.947 3000
0.947333  -nan 0.947333 3000
0.947667  -nan 0.947667 3000
0.948  -nan 0.948 3000
0.948333  -nan 0.948333 3000
0.948667  -nan 0.948667 3000
0.949  -nan 0.949 3000
0.949333  -nan 0.949333 3000
0.949667  -nan 0.949667 3000
0.95  -nan 0.95 3000
0.950333  -nan 0.950333 3000
0.950667  -nan 0.950667 3000
0.951  -nan 0.951 3000
0.951333  -nan 0.951333 3000
0.951667  -nan 0.951667 3000
0.952  -nan 0.952 3000
0.952333  -nan 0.952333 3000
0.952667  -nan 0.952667 3000
0.953  -nan 0.953 3000
0.953333  -nan 0.953333 3000
0.953667  -nan 0.953667 3000
0.954  -nan 0.954 3000
0.954333  -nan 0.954333 3000
0.954667  -nan 0.954667 3000
0.955  -nan 0.955 3000
0.955333  -nan 0.955333 3000
0.955667  -nan 0.955667 3000
0.956  -nan 0.956 3000
0.956333  -nan 0.956333 3000
0.956667  -nan 0.956667 3000
0.957  -nan 0.957 3000
0.957333  -nan 0.957333 3000
0.957667  -nan 0.957667 3000
0.958  -nan 0.958 3000
0.958333  -nan 0.958333 3000
0.958667  -nan 0.958667 3000
0.959  -nan 0.959 3000
0.959333  -nan 0.959333 3000
0.959667  -nan 0.959667 3000
0.96  -nan 0.96 3000
0.960333  -nan 0.960333 3000
0.960667  -nan 0.960667 3000
0.961  -nan 0.961 3000
0.961333  -nan 0.961333 3000
0.961667  -nan 0.961667 3000
0.962  -nan 0.962 3000
0.962333  -nan 0.962333 3000
0.962667  -nan 0.962667 3000
0.963  -nan 0.963 3000
0.963333  -nan 0.963333 3000
0.963667  -nan 0.963667 3000
0.964  -nan 0.964 3000
0.964333  -nan 0.964333 3000
0.964667  -nan 0.964667 3000
0.965  -nan 0.965 3000
0.965333  -nan 0.965333 3000
0.965667  -nan 0.965667 3000
0.966  -nan 0.966 3000
0.966333  -nan 0.966333 3000
0.966667  -nan 0.966667 3000
0.967  -nan 0.967 3000
0.967333  -nan 0.967333 3000
0.967667  -nan 0.967667 3000
0.968  -nan 0.968 3000
0.968333  -nan 0.968333 3000
0.968667  -nan 0.968667 3000
0.969  -nan 0.969 3000
0.969333  -nan 0.969333 3000
0.969667  -nan 0.969667 3000
0.97  -nan 0.97 3000
0.970333  -nan 0.970333 3000
0.970667  -nan 0.970667 3000
0.971  -nan 0.971 3000
0.971333  -nan 0.971333 3000
0.971667  -nan 0.971667 3000
0.972  -nan 0.972 3000
0.972333  -nan 0.972333 3000
0.972667  -nan 0.972667 3000
0.973  -nan 0.973 3000
0.973333  -nan 0.973333 3000
0.973667  -nan 0.973667 3000
0.974  -nan 0.974 3000
0.974333  -nan 0.974333 3000
0.974667  -nan 0.974667 3000
0.975  -nan 0.975 3000
0.975333  -nan 0.975333 3000
0.975667  -nan 0.975667 3000
0.976  -nan 0.976 3000
0.976333  -nan 0.976333 3000
0.976667  -nan 0.976667 3000
0.977  -nan 0.977 3000
0.977333  -nan 0.977333 3000
0.977667  -nan 0.977667 3000
0.978  -nan 0.978 3000
0.978333  -nan 0.978333 3000
0.978667  -nan 0.978667 3000
0.979  -nan 0.979 3000
0.979333  -nan 0.979333 3000
0.979667  -nan 0.979667 3000
0.98  -nan 0.98 3000
0.980333  -nan 0.980333 3000
0.980667  -nan 0.980667 3000
0.981  -nan 0.981 3000
0.981333  -nan 0.981333 3000
0.981667  -nan 0.981667 3000
0.982  -nan 0.982 3000
0.982333  -nan 0.982333 3000
0.982667  -nan 0.982667 3000
0.983  -nan 0.983 3000
0.983333  -nan 0.983333 3000
0.983667  -nan 0.983667 3000
0.984  -nan 0.984 3000
0.984333  -nan 0.984333 3000
0.984667  -nan 0.984667 3000
0.985  -nan 0.985 3000
0.985333  -nan 0.985333 3000
0.985667  -nan 0.985667 3000
0.986  -nan 0.986 3000
0.986333  -nan 0.986333 3000
0.986667  -nan 0.986667 3000
0.987  -nan 0.987 3000
0.987333  -nan 0.987333 3000
0.987667  -nan 0.987667 3000
0.988  -nan 0.988 3000
0.988333  -nan 0.988333 3000
0.988667  -nan 0.988667 3000
0.989  -nan 0.989 3000
0.989333  -nan 0.989333 3000
0.989667  -nan 0.989667 3000
0.99  -nan 0.99 3000
0.990333  -nan 0.990333 3000
0.990667  -nan 0.990667 3000
0.991  -nan 0.991 3000
0.991333  -nan 0.991333 3000
0.991667  -nan 0.991667 3000
0.992  -nan 0.992 3000
0.992333  -nan 0.992333 3000
0.992667  -nan 0.992667 3000
0.993  -nan 0.993 3000
0.993333  -nan 0.993333 3000
0.993667  -nan 0.993667 3000
0.994  -nan 0.994 3000
0.994333  -nan 0.994333 3000
0.994667  -nan 0.994667 3000
0.995  -nan 0.995 3000
0.995333  -nan 0.995333 3000
0.995667  -nan 0.995667 3000
0.996  -nan 0.996 3000
0.996333  -nan 0.996333 3000
0.996667  -nan 0.996667 3000
0.997  -nan 0.997 3000
0.997333  -nan 0.997333 3000
0.997667  -nan 0.997667 3000
0.998  -nan 0.998 3000
0.998333  -nan 0.998333 3000
0.998667  -nan 0.998667 3000
0.999  -nan 0.999 3000
0.999333  -nan 0.999333 3000
0.999667  -nan 0.999667 3000
1  -nan 1 3000
