0  0 0 100
0.01  -0.990099 0.01 100
0.02  0.980296 0.02 100
0.03  -0.980393 0.03 100
0.04  0.980392 0.04 100
0.05  -0.980392 0.05 100
0.06  0.980392 0.06 100
0.07  -0.980392 0.07 100
0.08  0.980392 0.08 100
0.09  -0.980392 0.09 100
0.1  0.980392 0.1 100
0.11  -0.980392 0.11 100
0.12  0.980392 0.12 100
0.13  -0.980392 0.13 100
0.14  0.980392 0.14 100
0.15  -0.980392 0.15 100
0.16  0.980392 0.16 100
0.17  -0.980392 0.17 100
0.18  0.980392 0.18 100
0.19  -0.980392 0.19 100
0.2  0.980392 0.2 100
0.21  -0.980392 0.21 100
0.22  0.980392 0.22 100
0.23  -0.980392 0.23 100
0.24  0.980392 0.24 100
0.25  -0.980392 0.25 100
0.26  0.980392 0.26 100
0.27  -0.980392 0.27 100
0.28  0.980392 0.28 100
0.29  -0.980392 0.29 100
0.3  0.980392 0.3 100
0.31  -0.980392 0.31 100
0.32  0.980392 0.32 100
0.33  -0.980392 0.33 100
0.34  0.980392 0.34 100
0.35  -0.980392 0.35 100
0.36  0.980392 0.36 100
0.37  -0.980392 0.37 100
0.38  0.980392 0.38 100
0.39  -0.980392 0.39 100
0.4  0.980392 0.4 100
0.41  -0.980392 0.41 100
0.42  0.980392 0.42 100
0.43  -0.980392 0.43 100
0.44  0.980392 0.44 100
0.45  -0.980392 0.45 100
0.46  0.980392 0.46 100
0.47  -0.980392 0.47 100
0.48  0.980392 0.48 100
0.49  -0.980392 0.49 100
0.5  0.980392 0.5 100
0.51  -0.980392 0.51 100
0.52  0.980392 0.52 100
0.53  -0.980392 0.53 100
0.54  0.980392 0.54 100
0.55  -0.980392 0.55 100
0.56  0.980392 0.56 100
0.57  -0.980392 0.57 100
0.58  0.980392 0.58 100
0.59  -0.980392 0.59 100
0.6  0.980392 0.6 100
0.61  -0.980392 0.61 100
0.62  0.980392 0.62 100
0.63  -0.980392 0.63 100
0.64  0.980392 0.64 100
0.65  -0.980392 0.65 100
0.66  0.980392 0.66 100
0.67  -0.980392 0.67 100
0.68  0.980392 0.68 100
0.69  -0.980392 0.69 100
0.7  0.980392 0.7 100
0.71  -0.980392 0.71 100
0.72  0.980392 0.72 100
0.73  -0.980392 0.73 100
0.74  0.980392 0.74 100
0.75  -0.980392 0.75 100
0.76  0.980392 0.76 100
0.77  -0.980392 0.77 100
0.78  0.980392 0.78 100
0.79  -0.980392 0.79 100
0.8  0.980392 0.8 100
0.81  -0.980392 0.81 100
0.82  0.980392 0.82 100
0.83  -0.980392 0.83 100
0.84  0.980392 0.84 100
0.85  -0.980392 0.85 100
0.86  0.980392 0.86 100
0.87  -0.980392 0.87 100
0.88  0.980392 0.88 100
0.89  -0.980392 0.89 100
0.9  0.980392 0.9 100
0.91  -0.980392 0.91 100
0.92  0.980392 0.92 100
0.93  -0.980392 0.93 100
0.94  0.980392 0.94 100
0.95  -0.980392 0.95 100
0.96  0.980392 0.96 100
0.97  -0.980392 0.97 100
0.98  0.980392 0.98 100
0.99  -0.980392 0.99 100
1  0.980392 1 100
