0  0 0 100
0.125664  0.125664 0.125664 100
0.251327  0.0838597 0.251327 100
0.376991  -0.0415728 0.376991 100
0.502655  0.0372307 0.502655 100
0.628319  0.116984 0.628319 100
0.753982  -0.00625085 0.753982 100
0.879646  -0.0449639 0.879646 100
1.00531  0.0855736 1.00531 100
1.13097  0.0626149 1.13097 100
1.25664  -0.0650877 1.25664 100
1.3823  0.00490845 1.3823 100
1.50796  0.0985333 1.50796 100
1.63363  -0.0146821 1.63363 100
1.75929  -0.0653334 1.75929 100
1.88496  0.0654437 1.88496 100
2.01062  0.0589729 2.01062 100
2.13628  -0.0717307 2.13628 100
2.26195  -0.0134262 2.26195 100
2.38761  0.0911474 2.38761 100
2.51327  -0.0121925 2.51327 100
2.63894  -0.0755056 2.63894 100
2.7646  0.0527148 2.7646 100
2.89027  0.0617802 2.89027 100
3.01593  -0.071211 3.01593 100
3.14159  -0.0261074 3.14159 100
3.26726  0.0874328 3.26726 100
3.39292  -0.00535716 3.39292 100
3.51858  -0.0810767 3.51858 100
3.64425  0.0425414 3.64425 100
3.76991  0.0666279 3.76991 100
3.89557  -0.0673596 3.89557 100
4.02124  -0.0363224 4.02124 100
4.1469  0.0845117 4.1469 100
4.27257  0.00318299 4.27257 100
4.39823  -0.084213 4.39823 100
4.52389  0.0330948 4.52389 100
4.64956  0.0717473 4.64956 100
4.77522  -0.0617181 4.77522 100
4.90088  -0.0452512 4.90088 100
5.02655  0.0812782 5.02655 100
5.15221  0.0123239 5.15221 100
5.27788  -0.0857489 5.27788 100
5.40354  0.0237285 5.40354 100
5.5292  0.0764079 5.5292 100
5.65487  -0.0549397 5.65487 100
5.78053  -0.0532937 5.78053 100
5.90619  0.0773261 5.90619 100
6.03186  0.0215625 6.03186 100
6.15752  -0.0860064 6.15752 100
6.28319  0.0142601 6.28319 100
6.40885  0.0802912 6.40885 100
6.53451  -0.0473361 6.53451 100
6.66018  -0.0605497 6.66018 100
6.78584  0.0725299 6.78584 100
6.9115  0.0306322 6.9115 100
7.03717  -0.0851154 7.03717 100
7.16283  0.00469012 7.16283 100
7.28849  0.0832474 7.28849 100
7.41416  -0.0390904 7.41416 100
7.53982  -0.0670075 7.53982 100
7.66549  0.066881 7.66549 100
7.79115  0.0393615 7.79115 100
7.91681  -0.0831392 7.91681 100
8.04248  -0.00490869 8.04248 100
8.16814  0.0852002 8.16814 100
8.2938  -0.0303394 8.2938 100
8.41947  -0.0726176 8.41947 100
8.54513  0.0604225 8.54513 100
8.6708  0.0476193 8.6708 100
8.79646  -0.0801224 8.79646 100
8.92212  -0.0144354 8.92212 100
9.04779  0.0861099 9.04779 100
9.17345  -0.0212046 9.17345 100
9.29911  -0.0773226 9.29911 100
9.42478  0.0532239 9.42478 100
9.55044  0.0552943 9.55044 100
9.67611  -0.0761102 9.67611 100
9.80177  -0.0237793 9.80177 100
9.92743  0.0859593 9.92743 100
10.0531  -0.0118043 10.0531 100
10.1788  -0.0810689 10.1788 100
10.3044  0.0453701 10.3044 100
10.4301  0.0622881 10.4301 100
10.5558  -0.0711554 10.5558 100
10.6814  -0.0328276 10.6814 100
10.8071  0.0847478 10.8071 100
10.9327  -0.00225683 10.9327 100
11.0584  -0.0838122 11.0584 100
11.1841  0.0369565 11.1841 100
11.3097  0.068513 11.3097 100
11.4354  -0.0653203 11.4354 100
11.5611  -0.0414694 11.5611 100
11.6867  0.0824894 11.6867 100
11.8124  0.00731907 11.8124 100
11.9381  -0.0855191 11.9381 100
12.0637  0.0280866 12.0637 100
12.1894  0.0738915 12.1894 100
12.315  -0.0586776 12.315 100
12.4407  -0.0495985 12.4407 100
12.5664  0.0792118 12.5664 100
