0  1 0 100
0.125664  0.992135 -0.12517 100
0.251327  0.968665 -0.24837 100
0.376991  0.929959 -0.367664 100
0.502655  0.876624 -0.481175 100
0.628319  0.809502 -0.587118 100
0.753982  0.729646 -0.683825 100
0.879646  0.638313 -0.769777 100
1.00531  0.536941 -0.84362 100
1.13097  0.427122 -0.904194 100
1.25664  0.310586 -0.950545 100
1.3823  0.189164 -0.981946 100
1.50796  0.0647662 -0.9979 100
1.63363  -0.0606499 -0.998159 100
1.75929  -0.185112 -0.982717 100
1.88496  -0.306663 -0.951818 100
2.01062  -0.423389 -0.905948 100
2.13628  -0.533457 -0.845827 100
2.26195  -0.635133 -0.772403 100
2.38761  -0.726819 -0.686829 100
2.51327  -0.807073 -0.590451 100
2.63894  -0.874632 -0.484787 100
2.7646  -0.928434 -0.371497 100
2.89027  -0.967633 -0.252363 100
3.01593  -0.991611 -0.12926 100
3.14159  -0.999991 -0.00412439 100
3.26726  -0.992643 0.121077 100
3.39292  -0.969681 0.244373 100
3.51858  -0.931467 0.363826 100
3.64425  -0.878602 0.477556 100
3.76991  -0.811916 0.583774 100
3.89557  -0.73246 0.68081 100
4.02124  -0.641483 0.767137 100
4.1469  -0.540416 0.841398 100
4.27257  -0.430848 0.902425 100
4.39823  -0.314503 0.949256 100
4.52389  -0.193212 0.981157 100
4.64956  -0.0688814 0.997625 100
4.77522  0.0565326 0.998401 100
4.90088  0.181057 0.983473 100
5.02655  0.302734 0.953075 100
5.15221  0.419649 0.907686 100
5.27788  0.529964 0.84802 100
5.40354  0.631942 0.775016 100
5.5292  0.72398 0.689821 100
5.65487  0.804631 0.593775 100
5.78053  0.872625 0.48839 100
5.90619  0.926894 0.375323 100
6.03186  0.966583 0.256352 100
6.15752  0.991069 0.133349 100
6.28319  0.999966 0.00824872 100
6.40885  0.993134 -0.116981 100
6.53451  0.970681 -0.240372 100
6.66018  0.93296 -0.359981 100
6.78584  0.880564 -0.473928 100
6.9115  0.814317 -0.58042 100
7.03717  0.735262 -0.677783 100
7.16283  0.644641 -0.764485 100
7.28849  0.543881 -0.839162 100
7.41416  0.434566 -0.90064 100
7.53982  0.318416 -0.947951 100
7.66549  0.197257 -0.980352 100
7.79115  0.0729954 -0.997332 100
7.91681  -0.0524143 -0.998625 100
8.04248  -0.177 -0.984211 100
8.16814  -0.298801 -0.954316 100
8.2938  -0.415902 -0.909409 100
8.41947  -0.526462 -0.850199 100
8.54513  -0.62874 -0.777615 100
8.6708  -0.721129 -0.692801 100
8.79646  -0.802175 -0.597089 100
8.92212  -0.870604 -0.491985 100
9.04779  -0.925338 -0.379142 100
9.17345  -0.965518 -0.260336 100
9.29911  -0.990511 -0.137436 100
9.42478  -0.999923 -0.0123729 100
9.55044  -0.993608 0.112884 100
9.67611  -0.971664 0.236366 100
9.80177  -0.934436 0.35613 100
9.92743  -0.882511 0.470292 100
10.0531  -0.816704 0.577057 100
10.1788  -0.738051 0.674745 100
10.3044  -0.647789 0.76182 100
10.4301  -0.547338 0.836912 100
10.5558  -0.438277 0.89884 100
10.6814  -0.322323 0.94663 100
10.8071  -0.201299 0.97953 100
10.9327  -0.0771082 0.997023 100
11.0584  0.0482952 0.998833 100
11.1841  0.172939 0.984933 100
11.3097  0.294862 0.95554 100
11.4354  0.412148 0.911117 100
11.5611  0.522951 0.852363 100
11.6867  0.625528 0.780202 100
11.8124  0.718266 0.695769 100
11.9381  0.799706 0.600392 100
12.0637  0.868567 0.495571 100
12.1894  0.923767 0.382956 100
12.315  0.964436 0.264316 100
12.4407  0.989935 0.14152 100
12.5664  0.999864 0.0164969 100
