0  1 0 150
0.0837758  1 -0.0837758 150
0.167552  0.992982 -0.167552 150
0.251327  0.978945 -0.250739 150
0.335103  0.957939 -0.332751 150
0.418879  0.930062 -0.413003 150
0.502655  0.895463 -0.49092 150
0.586431  0.854336 -0.565938 150
0.670206  0.806924 -0.637511 150
0.753982  0.753516 -0.705112 150
0.837758  0.694444 -0.768238 150
0.921534  0.630085 -0.826416 150
1.00531  0.560851 -0.879201 150
1.08909  0.487195 -0.926187 150
1.17286  0.409603 -0.967002 150
1.25664  0.328592 -1.00132 150
1.34041  0.244705 -1.02885 150
1.42419  0.158513 -1.04935 150
1.50796  0.0706034 -1.06263 150
1.59174  -0.0184189 -1.06854 150
1.67552  -0.107937 -1.067 150
1.75929  -0.197325 -1.05795 150
1.84307  -0.285956 -1.04142 150
1.92684  -0.373202 -1.01747 150
2.01062  -0.458441 -0.986202 150
2.0944  -0.541061 -0.947796 150
2.17817  -0.620464 -0.902468 150
2.26195  -0.696069 -0.850488 150
2.34572  -0.767319 -0.792174 150
2.4295  -0.833684 -0.727891 150
2.51327  -0.894664 -0.658049 150
2.59705  -0.949792 -0.583098 150
2.68083  -0.998642 -0.503528 150
2.7646  -1.04083 -0.419866 150
2.84838  -1.076 -0.33267 150
2.93215  -1.10387 -0.242527 150
3.01593  -1.12419 -0.15005 150
3.0997  -1.13676 -0.0558701 150
3.18348  -1.14144 0.0393627 150
3.26726  -1.13814 0.134988 150
3.35103  -1.12683 0.230336 150
3.43481  -1.10754 0.324738 150
3.51858  -1.08033 0.417522 150
3.60236  -1.04535 0.508028 150
3.68614  -1.00279 0.595603 150
3.76991  -0.952895 0.679613 150
3.85369  -0.895959 0.759442 150
3.93746  -0.832337 0.834502 150
4.02124  -0.762426 0.904232 150
4.10501  -0.686673 0.968104 150
4.18879  -0.605569 1.02563 150
4.27257  -0.519646 1.07636 150
4.35634  -0.429473 1.1199 150
4.44012  -0.335653 1.15588 150
4.52389  -0.238818 1.184 150
4.60767  -0.139628 1.204 150
4.69145  -0.0387617 1.2157 150
4.77522  0.0630846 1.21895 150
4.859  0.165203 1.21366 150
4.94277  0.266879 1.19982 150
5.02655  0.367395 1.17746 150
5.11032  0.466038 1.14669 150
5.1941  0.562102 1.10764 150
5.27788  0.654896 1.06055 150
5.36165  0.743745 1.00569 150
5.44543  0.827997 0.94338 150
5.5292  0.907029 0.874014 150
5.61298  0.980251 0.798027 150
5.69675  1.04711 0.715906 150
5.78053  1.10708 0.628184 150
5.86431  1.15971 0.535437 150
5.94808  1.20456 0.438282 150
6.03186  1.24128 0.337368 150
6.11563  1.26955 0.233379 150
6.19941  1.2891 0.127022 150
6.28319  1.29974 0.0190265 150
6.36696  1.30133 -0.0898601 150
6.45074  1.2938 -0.19888 150
6.53451  1.27714 -0.30727 150
6.61829  1.2514 -0.414263 150
6.70206  1.2167 -0.519101 150
6.78584  1.17321 -0.62103 150
6.86962  1.12118 -0.719317 150
6.95339  1.06092 -0.813244 150
7.03717  0.992789 -0.902124 150
7.12094  0.917213 -0.985296 150
7.20472  0.834669 -1.06214 150
7.28849  0.745688 -1.13206 150
7.37227  0.650848 -1.19453 150
7.45605  0.550775 -1.24906 150
7.53982  0.446135 -1.2952 150
7.6236  0.337628 -1.33257 150
7.70737  0.225991 -1.36086 150
7.79115  0.111984 -1.37979 150
7.87493  -0.00360916 -1.38917 150
7.9587  -0.119988 -1.38887 150
8.04248  -0.236342 -1.37882 150
8.12625  -0.351854 -1.35902 150
8.21003  -0.465707 -1.32954 150
8.2938  -0.57709 -1.29053 150
8.37758  -0.685205 -1.24218 150
8.46136  -0.78927 -1.18478 150
8.54513  -0.888525 -1.11866 150
8.62891  -0.982242 -1.04422 150
8.71268  -1.06972 -0.961931 150
8.79646  -1.15031 -0.872314 150
8.88024  -1.22339 -0.775946 150
8.96401  -1.28839 -0.673455 150
9.04779  -1.34481 -0.565519 150
9.13156  -1.39219 -0.452857 150
9.21534  -1.43013 -0.336225 150
9.29911  -1.45829 -0.216415 150
9.38289  -1.47642 -0.0942451 150
9.46667  -1.48432 0.0294436 150
9.55044  -1.48185 0.153794 150
9.63422  -1.46897 0.277937 150
9.71799  -1.44569 0.401001 150
9.80177  -1.41209 0.522115 150
9.88554  -1.36835 0.640414 150
9.96932  -1.3147 0.755048 150
10.0531  -1.25144 0.865188 150
10.1369  -1.17896 0.970029 150
10.2206  -1.0977 1.0688 150
10.3044  -1.00816 1.16076 150
10.3882  -0.910915 1.24522 150
10.472  -0.806596 1.32153 150
10.5558  -0.695883 1.3891 150
10.6395  -0.57951 1.4474 150
10.7233  -0.458253 1.49595 150
10.8071  -0.332928 1.53434 150
10.8909  -0.204388 1.56223 150
10.9746  -0.0735106 1.57935 150
11.0584  0.0588012 1.58551 150
11.1422  0.191629 1.58059 150
11.226  0.324044 1.56453 150
11.3097  0.455114 1.53739 150
11.3935  0.58391 1.49926 150
11.4773  0.709511 1.45034 150
11.5611  0.831015 1.3909 150
11.6448  0.947539 1.32128 150
11.7286  1.05823 1.2419 150
11.8124  1.16227 1.15325 150
11.8962  1.25889 1.05588 150
11.9799  1.34734 0.950413 150
12.0637  1.42696 0.837539 150
12.1475  1.49713 0.717993 150
12.2313  1.55728 0.59257 150
12.315  1.60692 0.462108 150
12.3988  1.64564 0.327487 150
12.4826  1.67307 0.189622 150
12.5664  1.68896 0.049459 150
