0  1 0 150
0.0837758  0.996491 -0.0837758 150
0.167552  0.985976 -0.166964 150
0.251327  0.968528 -0.248979 150
0.335103  0.944271 -0.329244 150
0.418879  0.913375 -0.407196 150
0.502655  0.876056 -0.482286 150
0.586431  0.832578 -0.553985 150
0.670206  0.783246 -0.621791 150
0.753982  0.728406 -0.685226 150
0.837758  0.668445 -0.743845 150
0.921534  0.603783 -0.797234 150
1.00531  0.534875 -0.845019 150
1.08909  0.462206 -0.886863 150
1.17286  0.386286 -0.922472 150
1.25664  0.30765 -0.951597 150
1.34041  0.22685 -0.974031 150
1.42419  0.144453 -0.989617 150
1.50796  0.0610405 -0.998246 150
1.59174  -0.0228026 -0.999857 150
1.67552  -0.106486 -0.994438 150
1.75929  -0.189423 -0.982027 150
1.84307  -0.271028 -0.962712 150
1.92684  -0.350729 -0.936628 150
2.01062  -0.427965 -0.903959 150
2.0944  -0.502193 -0.864934 150
2.17817  -0.572891 -0.819827 150
2.26195  -0.639562 -0.768955 150
2.34572  -0.701738 -0.712677 150
2.4295  -0.758981 -0.651388 150
2.51327  -0.810888 -0.585517 150
2.59705  -0.857094 -0.51553 150
2.68083  -0.897276 -0.441917 150
2.7646  -0.931149 -0.365196 150
2.84838  -0.958476 -0.285907 150
2.93215  -0.979064 -0.204607 150
3.01593  -0.99277 -0.121867 150
3.0997  -0.999495 -0.0382691 150
3.18348  -0.999194 0.0455987 150
3.26726  -0.991868 0.129147 150
3.35103  -0.977568 0.211788 150
3.43481  -0.956394 0.292942 150
3.51858  -0.928497 0.372036 150
3.60236  -0.894071 0.448516 150
3.68614  -0.853359 0.521844 150
3.76991  -0.806646 0.591503 150
3.85369  -0.754262 0.657005 150
3.93746  -0.696574 0.717889 150
4.02124  -0.633988 0.773725 150
4.10501  -0.566943 0.824123 150
4.18879  -0.495912 0.868727 150
4.27257  -0.421394 0.907224 150
4.35634  -0.343912 0.939343 150
4.44012  -0.264011 0.964858 150
4.52389  -0.182252 0.98359 150
4.60767  -0.0992117 0.995407 150
4.69145  -0.0154725 1.00023 150
4.77522  0.0683764 0.998011 150
4.859  0.151746 0.988781 150
4.94277  0.234049 0.972598 150
5.02655  0.314708 0.949578 150
5.11032  0.393155 0.919881 150
5.1941  0.468839 0.883716 150
5.27788  0.541228 0.841337 150
5.36165  0.609813 0.793043 150
5.44543  0.67411 0.739172 150
5.5292  0.73367 0.680104 150
5.61298  0.788071 0.616254 150
5.69675  0.836933 0.54807 150
5.78053  0.879911 0.476032 150
5.86431  0.916703 0.400646 150
5.94808  0.947051 0.322443 150
6.03186  0.97074 0.241971 150
6.11563  0.987605 0.159798 150
6.19941  0.997527 0.0764996 150
6.28319  1.00043 -0.00733744 150
6.36696  0.99631 -0.0911239 150
6.45074  0.985179 -0.174271 150
6.53451  0.967122 -0.256193 150
6.61829  0.942266 -0.336316 150
6.70206  0.910784 -0.414075 150
6.78584  0.872899 -0.488923 150
6.86962  0.828875 -0.560335 150
6.95339  0.779024 -0.627809 150
7.03717  0.723695 -0.690869 150
7.12094  0.663278 -0.749073 150
7.20472  0.598196 -0.802011 150
7.28849  0.528908 -0.849311 150
7.37227  0.4559 -0.89064 150
7.45605  0.379686 -0.925708 150
7.53982  0.300802 -0.954268 150
7.6236  0.219801 -0.976119 150
7.70737  0.137255 -0.991108 150
7.79115  0.0537424 -0.999128 150
7.87493  -0.0301489 -1.00012 150
7.9587  -0.113829 -0.994089 150
8.04248  -0.196711 -0.981065 150
8.12625  -0.27821 -0.961142 150
8.21003  -0.357754 -0.934462 150
8.2938  -0.434784 -0.901212 150
8.37758  -0.508758 -0.861625 150
8.46136  -0.579156 -0.81598 150
8.54513  -0.645483 -0.764597 150
8.62891  -0.707272 -0.707838 150
8.71268  -0.76409 -0.646102 150
8.79646  -0.815537 -0.579822 150
8.88024  -0.86125 -0.509465 150
8.96401  -0.900908 -0.435526 150
9.04779  -0.934233 -0.358523 150
9.13156  -0.960991 -0.278999 150
9.21534  -0.980992 -0.197512 150
9.29911  -0.994096 -0.114635 150
9.38289  -1.00021 -0.030952 150
9.46667  -0.999294 0.0529501 150
9.55044  -0.991351 0.136481 150
9.63422  -0.976439 0.219053 150
9.71799  -0.954661 0.300087 150
9.80177  -0.926171 0.379011 150
9.88554  -0.891169 0.455272 150
9.96932  -0.849901 0.528332 150
10.0531  -0.802657 0.597679 150
10.1369  -0.749769 0.662825 150
10.2206  -0.691609 0.723312 150
10.3044  -0.628586 0.778714 150
10.3882  -0.561143 0.828641 150
10.472  -0.489754 0.872744 150
10.5558  -0.41492 0.910711 150
10.6395  -0.337169 0.942275 150
10.7233  -0.257046 0.967215 150
10.8071  -0.175115 0.985355 150
10.8909  -0.0919511 0.996568 150
10.9746  -0.00814016 1.00077 150
11.0584  0.075729 0.997944 150
11.1422  0.159067 0.988098 150
11.226  0.241287 0.971304 150
11.3097  0.321812 0.947682 150
11.3935  0.400076 0.917396 150
11.4773  0.475528 0.88066 150
11.5611  0.547637 0.837732 150
11.6448  0.615897 0.788913 150
11.7286  0.679827 0.734548 150
11.8124  0.738979 0.675017 150
11.8962  0.792936 0.61074 150
11.9799  0.841318 0.542168 150
12.0637  0.883787 0.469783 150
12.1475  0.920042 0.394094 150
12.2313  0.949829 0.315634 150
12.315  0.972938 0.234954 150
12.3988  0.989207 0.152621 150
12.4826  0.998522 0.0692136 150
12.5664  1.00082 -0.0146813 150
