0  1 0 100
0.125664  0.992115 -0.125333 100
0.251327  0.968583 -0.24869 100
0.376991  0.929776 -0.368125 100
0.502655  0.876307 -0.481754 100
0.628319  0.809017 -0.587785 100
0.753982  0.728969 -0.684547 100
0.879646  0.637424 -0.770513 100
1.00531  0.535827 -0.844328 100
1.13097  0.425779 -0.904827 100
1.25664  0.309017 -0.951057 100
1.3823  0.187381 -0.982287 100
1.50796  0.0627905 -0.998027 100
1.63363  -0.0627905 -0.998027 100
1.75929  -0.187381 -0.982287 100
1.88496  -0.309017 -0.951057 100
2.01062  -0.425779 -0.904827 100
2.13628  -0.535827 -0.844328 100
2.26195  -0.637424 -0.770513 100
2.38761  -0.728969 -0.684547 100
2.51327  -0.809017 -0.587785 100
2.63894  -0.876307 -0.481754 100
2.7646  -0.929776 -0.368125 100
2.89027  -0.968583 -0.24869 100
3.01593  -0.992115 -0.125333 100
3.14159  -1 -4.69099e-13 100
3.26726  -0.992115 0.125333 100
3.39292  -0.968583 0.24869 100
3.51858  -0.929776 0.368125 100
3.64425  -0.876307 0.481754 100
3.76991  -0.809017 0.587785 100
3.89557  -0.728969 0.684547 100
4.02124  -0.637424 0.770513 100
4.1469  -0.535827 0.844328 100
4.27257  -0.425779 0.904827 100
4.39823  -0.309017 0.951057 100
4.52389  -0.187381 0.982287 100
4.64956  -0.0627905 0.998027 100
4.77522  0.0627905 0.998027 100
4.90088  0.187381 0.982287 100
5.02655  0.309017 0.951057 100
5.15221  0.425779 0.904827 100
5.27788  0.535827 0.844328 100
5.40354  0.637424 0.770513 100
5.5292  0.728969 0.684547 100
5.65487  0.809017 0.587785 100
5.78053  0.876307 0.481754 100
5.90619  0.929776 0.368125 100
6.03186  0.968583 0.24869 100
6.15752  0.992115 0.125333 100
6.28319  1 9.38233e-13 100
6.40885  0.992115 -0.125333 100
6.53451  0.968583 -0.24869 100
6.66018  0.929776 -0.368125 100
6.78584  0.876307 -0.481754 100
6.9115  0.809017 -0.587785 100
7.03717  0.728969 -0.684547 100
7.16283  0.637424 -0.770513 100
7.28849  0.535827 -0.844328 100
7.41416  0.425779 -0.904827 100
7.53982  0.309017 -0.951057 100
7.66549  0.187381 -0.982287 100
7.79115  0.0627905 -0.998027 100
7.91681  -0.0627905 -0.998027 100
8.04248  -0.187381 -0.982287 100
8.16814  -0.309017 -0.951057 100
8.2938  -0.425779 -0.904827 100
8.41947  -0.535827 -0.844328 100
8.54513  -0.637424 -0.770513 100
8.6708  -0.728969 -0.684547 100
8.79646  -0.809017 -0.587785 100
8.92212  -0.876307 -0.481754 100
9.04779  -0.929776 -0.368125 100
9.17345  -0.968583 -0.24869 100
9.29911  -0.992115 -0.125333 100
9.42478  -1 -1.40733e-12 100
9.55044  -0.992115 0.125333 100
9.67611  -0.968583 0.24869 100
9.80177  -0.929776 0.368125 100
9.92743  -0.876307 0.481754 100
10.0531  -0.809017 0.587785 100
10.1788  -0.728969 0.684547 100
10.3044  -0.637424 0.770513 100
10.4301  -0.535827 0.844328 100
10.5558  -0.425779 0.904827 100
10.6814  -0.309017 0.951057 100
10.8071  -0.187381 0.982287 100
10.9327  -0.0627905 0.998027 100
11.0584  0.0627905 0.998027 100
11.1841  0.187381 0.982287 100
11.3097  0.309017 0.951057 100
11.4354  0.425779 0.904827 100
11.5611  0.535827 0.844328 100
11.6867  0.637424 0.770513 100
11.8124  0.728969 0.684547 100
11.9381  0.809017 0.587785 100
12.0637  0.876307 0.481754 100
12.1894  0.929776 0.368125 100
12.315  0.968583 0.24869 100
12.4407  0.992115 0.125333 100
12.5664  1 1.87646e-12 100
