0  0 0 1000
0.001  0.001 0.001 1000
0.002  0.00195006 0.002 1000
0.003  0.00275712 0.003 1000
0.004  0.00334215 0.004 1000
0.005  0.00364783 0.005 1000
0.006  0.00364418 0.006 1000
0.007  0.00333152 0.007 1000
0.008  0.0027404 0.008 1000
0.009  0.00192864 0.009 1000
0.01  0.000975658 0.01 1000
0.011  -2.53176e-05 0.011 1000
0.012  -0.000976349 0.012 1000
0.013  -0.00178439 0.013 1000
0.014  -0.00237039 0.014 1000
0.015  -0.00267704 0.015 1000
0.016  -0.00267436 0.016 1000
0.017  -0.00236267 0.017 1000
0.018  -0.00177252 0.018 1000
0.019  -0.000961731 0.019 1000
0.02  -9.71279e-06 0.02 1000
0.021  0.000990297 0.021 1000
0.022  0.00194036 0.022 1000
0.023  0.00274744 0.023 1000
0.024  0.00333248 0.024 1000
0.025  0.00363816 0.025 1000
0.026  0.00363452 0.026 1000
0.027  0.00332187 0.027 1000
0.028  0.00273077 0.028 1000
0.029  0.00191902 0.029 1000
0.03  0.000966042 0.03 1000
0.031  -3.4924e-05 0.031 1000
0.032  -0.000985946 0.032 1000
0.033  -0.00179398 0.033 1000
0.034  -0.00237997 0.034 1000
0.035  -0.0026866 0.035 1000
0.036  -0.00268392 0.036 1000
0.037  -0.00237222 0.037 1000
0.038  -0.00178206 0.038 1000
0.039  -0.000971261 0.039 1000
0.04  -1.92332e-05 0.04 1000
0.041  0.000980786 0.041 1000
0.042  0.00193086 0.042 1000
0.043  0.00273795 0.043 1000
0.044  0.003323 0.044 1000
0.045  0.00362869 0.045 1000
0.046  0.00362506 0.046 1000
0.047  0.00331242 0.047 1000
0.048  0.00272132 0.048 1000
0.049  0.00190958 0.049 1000
0.05  0.000956616 0.05 1000
0.051  -4.43402e-05 0.051 1000
0.052  -0.000995352 0.052 1000
0.053  -0.00180337 0.053 1000
0.054  -0.00238936 0.054 1000
0.055  -0.00269598 0.055 1000
0.056  -0.00269329 0.056 1000
0.057  -0.00238158 0.057 1000
0.058  -0.00179141 0.058 1000
0.059  -0.000980602 0.059 1000
0.06  -2.85649e-05 0.06 1000
0.061  0.000971464 0.061 1000
0.062  0.00192155 0.062 1000
0.063  0.00272864 0.063 1000
0.064  0.0033137 0.064 1000
0.065  0.0036194 0.065 1000
0.066  0.00361578 0.066 1000
0.067  0.00330315 0.067 1000
0.068  0.00271206 0.068 1000
0.069  0.00190033 0.069 1000
0.07  0.000947378 0.07 1000
0.071  -5.35698e-05 0.071 1000
0.072  -0.00100457 0.072 1000
0.073  -0.00181259 0.073 1000
0.074  -0.00239856 0.074 1000
0.075  -0.00270518 0.075 1000
0.076  -0.00270247 0.076 1000
0.077  -0.00239075 0.077 1000
0.078  -0.00180058 0.078 1000
0.079  -0.000989758 0.079 1000
0.08  -3.77118e-05 0.08 1000
0.081  0.000962326 0.081 1000
0.082  0.00191242 0.082 1000
0.083  0.00271952 0.083 1000
0.084  0.00330459 0.084 1000
0.085  0.0036103 0.085 1000
0.086  0.00360669 0.086 1000
0.087  0.00329407 0.087 1000
0.088  0.00270299 0.088 1000
0.089  0.00189127 0.089 1000
0.09  0.000938322 0.09 1000
0.091  -6.26166e-05 0.091 1000
0.092  -0.00101361 0.092 1000
0.093  -0.00182161 0.093 1000
0.094  -0.00240758 0.094 1000
0.095  -0.00271419 0.095 1000
0.096  -0.00271147 0.096 1000
0.097  -0.00239974 0.097 1000
0.098  -0.00180956 0.098 1000
0.099  -0.000998733 0.099 1000
0.1  -4.66775e-05 0.1 1000
0.101  0.000953369 0.101 1000
0.102  0.00190347 0.102 1000
0.103  0.00271059 0.103 1000
0.104  0.00329566 0.104 1000
0.105  0.00360138 0.105 1000
0.106  0.00359778 0.106 1000
0.107  0.00328517 0.107 1000
0.108  0.0026941 0.108 1000
0.109  0.00188238 0.109 1000
0.11  0.000929445 0.11 1000
0.111  -7.14842e-05 0.111 1000
0.112  -0.00102247 0.112 1000
0.113  -0.00183046 0.113 1000
0.114  -0.00241642 0.114 1000
0.115  -0.00272302 0.115 1000
0.116  -0.0027203 0.116 1000
0.117  -0.00240856 0.117 1000
0.118  -0.00181836 0.118 1000
0.119  -0.00100753 0.119 1000
0.12  -5.54656e-05 0.12 1000
0.121  0.00094459 0.121 1000
0.122  0.0018947 0.122 1000
0.123  0.00270182 0.123 1000
0.124  0.00328691 0.124 1000
0.125  0.00359264 0.125 1000
0.126  0.00358905 0.126 1000
0.127  0.00327644 0.127 1000
0.128  0.00268538 0.128 1000
0.129  0.00187367 0.129 1000
0.13  0.000920745 0.13 1000
0.131  -8.0176e-05 0.131 1000
0.132  -0.00103115 0.132 1000
0.133  -0.00183914 0.133 1000
0.134  -0.00242508 0.134 1000
0.135  -0.00273168 0.135 1000
0.136  -0.00272894 0.136 1000
0.137  -0.0024172 0.137 1000
0.138  -0.001827 0.138 1000
0.139  -0.00101615 0.139 1000
0.14  -6.40795e-05 0.14 1000
0.141  0.000935985 0.141 1000
0.142  0.00188611 0.142 1000
0.143  0.00269324 0.143 1000
0.144  0.00327833 0.144 1000
0.145  0.00358407 0.145 1000
0.146  0.00358048 0.146 1000
0.147  0.00326789 0.147 1000
0.148  0.00267683 0.148 1000
0.149  0.00186514 0.149 1000
0.15  0.000912217 0.15 1000
0.151  -8.86957e-05 0.151 1000
0.152  -0.00103966 0.152 1000
0.153  -0.00184764 0.153 1000
0.154  -0.00243358 0.154 1000
0.155  -0.00274016 0.155 1000
0.156  -0.00273742 0.156 1000
0.157  -0.00242567 0.157 1000
0.158  -0.00183546 0.158 1000
0.159  -0.0010246 0.159 1000
0.16  -7.25228e-05 0.16 1000
0.161  0.00092755 0.161 1000
0.162  0.00187768 0.162 1000
0.163  0.00268482 0.163 1000
0.164  0.00326992 0.164 1000
0.165  0.00357567 0.165 1000
0.166  0.00357209 0.166 1000
0.167  0.0032595 0.167 1000
0.168  0.00266846 0.168 1000
0.169  0.00185677 0.169 1000
0.17  0.000903857 0.17 1000
0.171  -9.70466e-05 0.171 1000
0.172  -0.00104801 0.172 1000
0.173  -0.00185598 0.173 1000
0.174  -0.0024419 0.174 1000
0.175  -0.00274848 0.175 1000
0.176  -0.00274573 0.176 1000
0.177  -0.00243397 0.177 1000
0.178  -0.00184375 0.178 1000
0.179  -0.00103289 0.179 1000
0.18  -8.07989e-05 0.18 1000
0.181  0.000919282 0.181 1000
0.182  0.00186942 0.182 1000
0.183  0.00267657 0.183 1000
0.184  0.00326168 0.184 1000
0.185  0.00356743 0.185 1000
0.186  0.00356386 0.186 1000
0.187  0.00325128 0.187 1000
0.188  0.00266025 0.188 1000
0.189  0.00184857 0.189 1000
0.19  0.000895664 0.19 1000
0.191  -0.000105232 0.191 1000
0.192  -0.00105618 0.192 1000
0.193  -0.00186414 0.193 1000
0.194  -0.00245007 0.194 1000
0.195  -0.00275663 0.195 1000
0.196  -0.00275388 0.196 1000
0.197  -0.0024421 0.197 1000
0.198  -0.00185188 0.198 1000
0.199  -0.00104101 0.199 1000
0.2  -8.89109e-05 0.2 1000
0.201  0.000911178 0.201 1000
0.202  0.00186132 0.202 1000
0.203  0.00266848 0.203 1000
0.204  0.0032536 0.204 1000
0.205  0.00355936 0.205 1000
0.206  0.0035558 0.206 1000
0.207  0.00324323 0.207 1000
0.208  0.0026522 0.208 1000
0.209  0.00184053 0.209 1000
0.21  0.000887632 0.21 1000
0.211  -0.000113255 0.211 1000
0.212  -0.0010642 0.212 1000
0.213  -0.00187215 0.213 1000
0.214  -0.00245806 0.214 1000
0.215  -0.00276462 0.215 1000
0.216  -0.00276186 0.216 1000
0.217  -0.00245008 0.217 1000
0.218  -0.00185984 0.218 1000
0.219  -0.00104897 0.219 1000
0.22  -9.68623e-05 0.22 1000
0.221  0.000903235 0.221 1000
0.222  0.00185339 0.222 1000
0.223  0.00266055 0.223 1000
0.224  0.00324568 0.224 1000
0.225  0.00355145 0.225 1000
0.226  0.0035479 0.226 1000
0.227  0.00323533 0.227 1000
0.228  0.00264431 0.228 1000
0.229  0.00183265 0.229 1000
0.23  0.00087976 0.23 1000
0.231  -0.00012112 0.231 1000
0.232  -0.00107206 0.232 1000
0.233  -0.00188 0.233 1000
0.234  -0.00246591 0.234 1000
0.235  -0.00277246 0.235 1000
0.236  -0.00276968 0.236 1000
0.237  -0.0024579 0.237 1000
0.238  -0.00186765 0.238 1000
0.239  -0.00105677 0.239 1000
0.24  -0.000104656 0.24 1000
0.241  0.000895449 0.241 1000
0.242  0.00184561 0.242 1000
0.243  0.00265278 0.243 1000
0.244  0.00323791 0.244 1000
0.245  0.00354369 0.245 1000
0.246  0.00354015 0.246 1000
0.247  0.00322759 0.247 1000
0.248  0.00263658 0.248 1000
0.249  0.00182493 0.249 1000
0.25  0.000872044 0.25 1000
0.251  -0.000128828 0.251 1000
0.252  -0.00107976 0.252 1000
0.253  -0.00188769 0.253 1000
0.254  -0.00247359 0.254 1000
0.255  -0.00278013 0.255 1000
0.256  -0.00277735 0.256 1000
0.257  -0.00246556 0.257 1000
0.258  -0.00187531 0.258 1000
0.259  -0.00106442 0.259 1000
0.26  -0.000112296 0.26 1000
0.261  0.000887817 0.261 1000
0.262  0.00183799 0.262 1000
0.263  0.00264516 0.263 1000
0.264  0.0032303 0.264 1000
0.265  0.00353609 0.265 1000
0.266  0.00353256 0.266 1000
0.267  0.00322001 0.267 1000
0.268  0.002629 0.268 1000
0.269  0.00181735 0.269 1000
0.27  0.00086448 0.27 1000
0.271  -0.000136384 0.271 1000
0.272  -0.0010873 0.272 1000
0.273  -0.00189523 0.273 1000
0.274  -0.00248112 0.274 1000
0.275  -0.00278766 0.275 1000
0.276  -0.00278487 0.276 1000
0.277  -0.00247307 0.277 1000
0.278  -0.00188281 0.278 1000
0.279  -0.00107191 0.279 1000
0.28  -0.000119784 0.28 1000
0.281  0.000880336 0.281 1000
0.282  0.00183051 0.282 1000
0.283  0.0026377 0.283 1000
0.284  0.00322285 0.284 1000
0.285  0.00352864 0.285 1000
0.286  0.00352511 0.286 1000
0.287  0.00321257 0.287 1000
0.288  0.00262157 0.288 1000
0.289  0.00180993 0.289 1000
0.29  0.000857067 0.29 1000
0.291  -0.00014379 0.291 1000
0.292  -0.0010947 0.292 1000
0.293  -0.00190263 0.293 1000
0.294  -0.00248851 0.294 1000
0.295  -0.00279504 0.295 1000
0.296  -0.00279224 0.296 1000
0.297  -0.00248043 0.297 1000
0.298  -0.00189017 0.298 1000
0.299  -0.00107926 0.299 1000
0.3  -0.000127123 0.3 1000
0.301  0.000873004 0.301 1000
0.302  0.00182319 0.302 1000
0.303  0.00263038 0.303 1000
0.304  0.00321554 0.304 1000
0.305  0.00352134 0.305 1000
0.306  0.00351782 0.306 1000
0.307  0.00320528 0.307 1000
0.308  0.00261429 0.308 1000
0.309  0.00180266 0.309 1000
0.31  0.0008498 0.31 1000
0.311  -0.00015105 0.311 1000
0.312  -0.00110196 0.312 1000
0.313  -0.00190987 0.313 1000
0.314  -0.00249575 0.314 1000
0.315  -0.00280227 0.315 1000
0.316  -0.00279946 0.316 1000
0.317  -0.00248765 0.317 1000
0.318  -0.00189738 0.318 1000
0.319  -0.00108646 0.319 1000
0.32  -0.000134318 0.32 1000
0.321  0.000865817 0.321 1000
0.322  0.00181601 0.322 1000
0.323  0.00262321 0.323 1000
0.324  0.00320837 0.324 1000
0.325  0.00351418 0.325 1000
0.326  0.00351066 0.326 1000
0.327  0.00319814 0.327 1000
0.328  0.00260715 0.328 1000
0.329  0.00179553 0.329 1000
0.33  0.000842678 0.33 1000
0.331  -0.000158165 0.331 1000
0.332  -0.00110906 0.332 1000
0.333  -0.00191697 0.333 1000
0.334  -0.00250284 0.334 1000
0.335  -0.00280935 0.335 1000
0.336  -0.00280654 0.336 1000
0.337  -0.00249472 0.337 1000
0.338  -0.00190444 0.338 1000
0.339  -0.00109352 0.339 1000
0.34  -0.00014137 0.34 1000
0.341  0.000858772 0.341 1000
0.342  0.00180897 0.342 1000
0.343  0.00261618 0.343 1000
0.344  0.00320135 0.344 1000
0.345  0.00350716 0.345 1000
0.346  0.00350366 0.346 1000
0.347  0.00319113 0.347 1000
0.348  0.00260016 0.348 1000
0.349  0.00178854 0.349 1000
0.35  0.000835696 0.35 1000
0.351  -0.00016514 0.351 1000
0.352  -0.00111603 0.352 1000
0.353  -0.00192393 0.353 1000
0.354  -0.00250979 0.354 1000
0.355  -0.0028163 0.355 1000
0.356  -0.00281348 0.356 1000
0.357  -0.00250165 0.357 1000
0.358  -0.00191137 0.358 1000
0.359  -0.00110044 0.359 1000
0.36  -0.000148282 0.36 1000
0.361  0.000851867 0.361 1000
0.362  0.00180207 0.362 1000
0.363  0.00260929 0.363 1000
0.364  0.00319446 0.364 1000
0.365  0.00350028 0.365 1000
0.366  0.00349678 0.366 1000
0.367  0.00318427 0.367 1000
0.368  0.0025933 0.368 1000
0.369  0.00178169 0.369 1000
0.37  0.000828853 0.37 1000
0.371  -0.000171976 0.371 1000
0.372  -0.00112286 0.372 1000
0.373  -0.00193075 0.373 1000
0.374  -0.00251661 0.374 1000
0.375  -0.00282311 0.375 1000
0.376  -0.00282029 0.376 1000
0.377  -0.00250845 0.377 1000
0.378  -0.00191816 0.378 1000
0.379  -0.00110722 0.379 1000
0.38  -0.000155057 0.38 1000
0.381  0.000845098 0.381 1000
0.382  0.00179531 0.382 1000
0.383  0.00260253 0.383 1000
0.384  0.00318771 0.384 1000
0.385  0.00349354 0.385 1000
0.386  0.00349005 0.386 1000
0.387  0.00317754 0.387 1000
0.388  0.00258658 0.388 1000
0.389  0.00177498 0.389 1000
0.39  0.000822145 0.39 1000
0.391  -0.000178677 0.391 1000
0.392  -0.00112956 0.392 1000
0.393  -0.00193744 0.393 1000
0.394  -0.00252329 0.394 1000
0.395  -0.00282978 0.395 1000
0.396  -0.00282695 0.396 1000
0.397  -0.00251511 0.397 1000
0.398  -0.00192481 0.398 1000
0.399  -0.00111387 0.399 1000
0.4  -0.000161698 0.4 1000
0.401  0.000838464 0.401 1000
0.402  0.00178868 0.402 1000
0.403  0.00259591 0.403 1000
0.404  0.0031811 0.404 1000
0.405  0.00348694 0.405 1000
0.406  0.00348345 0.406 1000
0.407  0.00317095 0.407 1000
0.408  0.00257999 0.408 1000
0.409  0.00176839 0.409 1000
0.41  0.00081557 0.41 1000
0.411  -0.000185246 0.411 1000
0.412  -0.00113612 0.412 1000
0.413  -0.001944 0.413 1000
0.414  -0.00252984 0.414 1000
0.415  -0.00283633 0.415 1000
0.416  -0.00283349 0.416 1000
0.417  -0.00252164 0.417 1000
0.418  -0.00193133 0.418 1000
0.419  -0.00112038 0.419 1000
0.42  -0.000168207 0.42 1000
0.421  0.000831961 0.421 1000
0.422  0.00178219 0.422 1000
0.423  0.00258942 0.423 1000
0.424  0.00317462 0.424 1000
0.425  0.00348046 0.425 1000
0.426  0.00347698 0.426 1000
0.427  0.00316448 0.427 1000
0.428  0.00257353 0.428 1000
0.429  0.00176194 0.429 1000
0.43  0.000809125 0.43 1000
0.431  -0.000191684 0.431 1000
0.432  -0.00114255 0.432 1000
0.433  -0.00195042 0.433 1000
0.434  -0.00253626 0.434 1000
0.435  -0.00284274 0.435 1000
0.436  -0.0028399 0.436 1000
0.437  -0.00252804 0.437 1000
0.438  -0.00193773 0.438 1000
0.439  -0.00112677 0.439 1000
0.44  -0.000174588 0.44 1000
0.441  0.000825587 0.441 1000
0.442  0.00177582 0.442 1000
0.443  0.00258306 0.443 1000
0.444  0.00316826 0.444 1000
0.445  0.00347411 0.445 1000
0.446  0.00347064 0.446 1000
0.447  0.00315815 0.447 1000
0.448  0.0025672 0.448 1000
0.449  0.00175562 0.449 1000
0.45  0.000802809 0.45 1000
0.451  -0.000197994 0.451 1000
0.452  -0.00114885 0.452 1000
0.453  -0.00195672 0.453 1000
0.454  -0.00254255 0.454 1000
0.455  -0.00284902 0.455 1000
0.456  -0.00284617 0.456 1000
0.457  -0.00253431 0.457 1000
0.458  -0.00194399 0.458 1000
0.459  -0.00113303 0.459 1000
0.46  -0.000180842 0.46 1000
0.461  0.000819339 0.461 1000
0.462  0.00176958 0.462 1000
0.463  0.00257682 0.463 1000
0.464  0.00316203 0.464 1000
0.465  0.00346789 0.465 1000
0.466  0.00346442 0.466 1000
0.467  0.00315194 0.467 1000
0.468  0.002561 0.468 1000
0.469  0.00174942 0.469 1000
0.47  0.000796617 0.47 1000
0.471  -0.00020418 0.471 1000
0.472  -0.00115503 0.472 1000
0.473  -0.00196289 0.473 1000
0.474  -0.00254872 0.474 1000
0.475  -0.00285518 0.475 1000
0.476  -0.00285233 0.476 1000
0.477  -0.00254046 0.477 1000
0.478  -0.00195013 0.478 1000
0.479  -0.00113917 0.479 1000
0.48  -0.000186972 0.48 1000
0.481  0.000813215 0.481 1000
0.482  0.00176346 0.482 1000
0.483  0.00257071 0.483 1000
0.484  0.00315593 0.484 1000
0.485  0.00346179 0.485 1000
0.486  0.00345833 0.486 1000
0.487  0.00314585 0.487 1000
0.488  0.00255492 0.488 1000
0.489  0.00174335 0.489 1000
0.49  0.000790548 0.49 1000
0.491  -0.000210243 0.491 1000
0.492  -0.00116109 0.492 1000
0.493  -0.00196894 0.493 1000
0.494  -0.00255476 0.494 1000
0.495  -0.00286122 0.495 1000
0.496  -0.00285836 0.496 1000
0.497  -0.00254649 0.497 1000
0.498  -0.00195616 0.498 1000
0.499  -0.00114518 0.499 1000
0.5  -0.00019298 0.5 1000
0.501  0.000807213 0.501 1000
0.502  0.00175746 0.502 1000
0.503  0.00256472 0.503 1000
0.504  0.00314994 0.504 1000
0.505  0.00345581 0.505 1000
0.506  0.00345235 0.506 1000
0.507  0.00313988 0.507 1000
0.508  0.00254896 0.508 1000
0.509  0.00173739 0.509 1000
0.51  0.000784599 0.51 1000
0.511  -0.000216186 0.511 1000
0.512  -0.00116703 0.512 1000
0.513  -0.00197488 0.513 1000
0.514  -0.00256069 0.514 1000
0.515  -0.00286714 0.515 1000
0.516  -0.00286428 0.516 1000
0.517  -0.00255239 0.517 1000
0.518  -0.00196206 0.518 1000
0.519  -0.00115108 0.519 1000
0.52  -0.00019887 0.52 1000
0.521  0.000801329 0.521 1000
0.522  0.00175158 0.522 1000
0.523  0.00255885 0.523 1000
0.524  0.00314408 0.524 1000
0.525  0.00344995 0.525 1000
0.526  0.0034465 0.526 1000
0.527  0.00313404 0.527 1000
0.528  0.00254312 0.528 1000
0.529  0.00173156 0.529 1000
0.53  0.000778768 0.53 1000
0.531  -0.000222011 0.531 1000
0.532  -0.00117285 0.532 1000
0.533  -0.00198069 0.533 1000
0.534  -0.00256649 0.534 1000
0.535  -0.00287294 0.535 1000
0.536  -0.00287007 0.536 1000
0.537  -0.00255818 0.537 1000
0.538  -0.00196784 0.538 1000
0.539  -0.00115686 0.539 1000
0.54  -0.000204643 0.54 1000
0.541  0.000795562 0.541 1000
0.542  0.00174582 0.542 1000
0.543  0.00255309 0.543 1000
0.544  0.00313833 0.544 1000
0.545  0.0034442 0.545 1000
0.546  0.00344076 0.546 1000
0.547  0.0031283 0.547 1000
0.548  0.00253739 0.548 1000
0.549  0.00172583 0.549 1000
0.55  0.000773052 0.55 1000
0.551  -0.000227721 0.551 1000
0.552  -0.00117855 0.552 1000
0.553  -0.00198639 0.553 1000
0.554  -0.00257219 0.554 1000
0.555  -0.00287863 0.555 1000
0.556  -0.00287575 0.556 1000
0.557  -0.00256386 0.557 1000
0.558  -0.00197351 0.558 1000
0.559  -0.00116252 0.559 1000
0.56  -0.000210302 0.56 1000
0.561  0.000789909 0.561 1000
0.562  0.00174018 0.562 1000
0.563  0.00254745 0.563 1000
0.564  0.00313269 0.564 1000
0.565  0.00343857 0.565 1000
0.566  0.00343514 0.566 1000
0.567  0.00312268 0.567 1000
0.568  0.00253178 0.568 1000
0.569  0.00172023 0.569 1000
0.57  0.00076745 0.57 1000
0.571  -0.000233317 0.571 1000
0.572  -0.00118414 0.572 1000
0.573  -0.00199197 0.573 1000
0.574  -0.00257777 0.574 1000
0.575  -0.00288421 0.575 1000
0.576  -0.00288132 0.576 1000
0.577  -0.00256942 0.577 1000
0.578  -0.00197907 0.578 1000
0.579  -0.00116807 0.579 1000
0.58  -0.000215848 0.58 1000
0.581  0.000784368 0.581 1000
0.582  0.00173464 0.582 1000
0.583  0.00254192 0.583 1000
0.584  0.00312717 0.584 1000
0.585  0.00343306 0.585 1000
0.586  0.00342962 0.586 1000
0.587  0.00311718 0.587 1000
0.588  0.00252627 0.588 1000
0.589  0.00171473 0.589 1000
0.59  0.000761959 0.59 1000
0.591  -0.000238803 0.591 1000
0.592  -0.00118962 0.592 1000
0.593  -0.00199745 0.593 1000
0.594  -0.00258324 0.594 1000
0.595  -0.00288967 0.595 1000
0.596  -0.00288678 0.596 1000
0.597  -0.00257488 0.597 1000
0.598  -0.00198452 0.598 1000
0.599  -0.00117351 0.599 1000
0.6  -0.000221285 0.6 1000
0.601  0.000778937 0.601 1000
0.602  0.00172921 0.602 1000
0.603  0.0025365 0.603 1000
0.604  0.00312175 0.604 1000
0.605  0.00342765 0.605 1000
0.606  0.00342422 0.606 1000
0.607  0.00311178 0.607 1000
0.608  0.00252088 0.608 1000
0.609  0.00170934 0.609 1000
0.61  0.000756576 0.61 1000
0.611  -0.00024418 0.611 1000
0.612  -0.00119499 0.612 1000
0.613  -0.00200281 0.613 1000
0.614  -0.0025886 0.614 1000
0.615  -0.00289503 0.615 1000
0.616  -0.00289213 0.616 1000
0.617  -0.00258022 0.617 1000
0.618  -0.00198986 0.618 1000
0.619  -0.00117885 0.619 1000
0.62  -0.000226614 0.62 1000
0.621  0.000773613 0.621 1000
0.622  0.0017239 0.622 1000
0.623  0.00253119 0.623 1000
0.624  0.00311644 0.624 1000
0.625  0.00342234 0.625 1000
0.626  0.00341892 0.626 1000
0.627  0.00310649 0.627 1000
0.628  0.00251559 0.628 1000
0.629  0.00170406 0.629 1000
0.63  0.000751301 0.63 1000
0.631  -0.000249451 0.631 1000
0.632  -0.00120026 0.632 1000
0.633  -0.00200807 0.633 1000
0.634  -0.00259385 0.634 1000
0.635  -0.00290027 0.635 1000
0.636  -0.00289737 0.636 1000
0.637  -0.00258546 0.637 1000
0.638  -0.00199509 0.638 1000
0.639  -0.00118408 0.639 1000
0.64  -0.000231837 0.64 1000
0.641  0.000768395 0.641 1000
0.642  0.00171868 0.642 1000
0.643  0.00252598 0.643 1000
0.644  0.00311124 0.644 1000
0.645  0.00341715 0.645 1000
0.646  0.00341373 0.646 1000
0.647  0.0031013 0.647 1000
0.648  0.00251041 0.648 1000
0.649  0.00169888 0.649 1000
0.65  0.000746129 0.65 1000
0.651  -0.000254617 0.651 1000
0.652  -0.00120542 0.652 1000
0.653  -0.00201323 0.653 1000
0.654  -0.002599 0.654 1000
0.655  -0.00290542 0.655 1000
0.656  -0.00290251 0.656 1000
0.657  -0.0025906 0.657 1000
0.658  -0.00200022 0.658 1000
0.659  -0.0011892 0.659 1000
0.66  -0.000236957 0.66 1000
0.661  0.00076328 0.661 1000
0.662  0.00171357 0.662 1000
0.663  0.00252088 0.663 1000
0.664  0.00310614 0.664 1000
0.665  0.00341205 0.665 1000
0.666  0.00340864 0.666 1000
0.667  0.00309621 0.667 1000
0.668  0.00250533 0.668 1000
0.669  0.00169381 0.669 1000
0.67  0.00074106 0.67 1000
0.671  -0.000259681 0.671 1000
0.672  -0.00121048 0.672 1000
0.673  -0.00201828 0.673 1000
0.674  -0.00260405 0.674 1000
0.675  -0.00291046 0.675 1000
0.676  -0.00290755 0.676 1000
0.677  -0.00259563 0.677 1000
0.678  -0.00200525 0.678 1000
0.679  -0.00119423 0.679 1000
0.68  -0.000241975 0.68 1000
0.681  0.000758267 0.681 1000
0.682  0.00170857 0.682 1000
0.683  0.00251587 0.683 1000
0.684  0.00310114 0.684 1000
0.685  0.00340706 0.685 1000
0.686  0.00340365 0.686 1000
0.687  0.00309123 0.687 1000
0.688  0.00250035 0.688 1000
0.689  0.00168884 0.689 1000
0.69  0.000736092 0.69 1000
0.691  -0.000264644 0.691 1000
0.692  -0.00121544 0.692 1000
0.693  -0.00202324 0.693 1000
0.694  -0.002609 0.694 1000
0.695  -0.00291541 0.695 1000
0.696  -0.00291249 0.696 1000
0.697  -0.00260056 0.697 1000
0.698  -0.00201018 0.698 1000
0.699  -0.00119915 0.699 1000
0.7  -0.000246894 0.7 1000
0.701  0.000753353 0.701 1000
0.702  0.00170366 0.702 1000
0.703  0.00251097 0.703 1000
0.704  0.00309624 0.704 1000
0.705  0.00340216 0.705 1000
0.706  0.00339876 0.706 1000
0.707  0.00308635 0.707 1000
0.708  0.00249547 0.708 1000
0.709  0.00168396 0.709 1000
0.71  0.000731222 0.71 1000
0.711  -0.000269509 0.711 1000
0.712  -0.0012203 0.712 1000
0.713  -0.00202809 0.713 1000
0.714  -0.00261385 0.714 1000
0.715  -0.00292025 0.715 1000
0.716  -0.00291733 0.716 1000
0.717  -0.0026054 0.717 1000
0.718  -0.00201501 0.718 1000
0.719  -0.00120398 0.719 1000
0.72  -0.000251716 0.72 1000
0.721  0.000748536 0.721 1000
0.722  0.00169884 0.722 1000
0.723  0.00250616 0.723 1000
0.724  0.00309144 0.724 1000
0.725  0.00339737 0.725 1000
0.726  0.00339397 0.726 1000
0.727  0.00308156 0.727 1000
0.728  0.00249069 0.728 1000
0.729  0.00167918 0.729 1000
0.73  0.000726448 0.73 1000
0.731  -0.000274278 0.731 1000
0.732  -0.00122506 0.732 1000
0.733  -0.00203285 0.733 1000
0.734  -0.0026186 0.734 1000
0.735  -0.002925 0.735 1000
0.736  -0.00292208 0.736 1000
0.737  -0.00261014 0.737 1000
0.738  -0.00201974 0.738 1000
0.739  -0.00120871 0.739 1000
0.74  -0.000256442 0.74 1000
0.741  0.000743815 0.741 1000
0.742  0.00169413 0.742 1000
0.743  0.00250145 0.743 1000
0.744  0.00308673 0.744 1000
0.745  0.00339266 0.745 1000
0.746  0.00338927 0.746 1000
0.747  0.00307687 0.747 1000
0.748  0.002486 0.748 1000
0.749  0.0016745 0.749 1000
0.75  0.000721769 0.75 1000
0.751  -0.000278952 0.751 1000
0.752  -0.00122973 0.752 1000
0.753  -0.00203752 0.753 1000
0.754  -0.00262326 0.754 1000
0.755  -0.00292966 0.755 1000
0.756  -0.00292673 0.756 1000
0.757  -0.00261479 0.757 1000
0.758  -0.00202439 0.758 1000
0.759  -0.00121334 0.759 1000
0.76  -0.000261074 0.76 1000
0.761  0.000739187 0.761 1000
0.762  0.0016895 0.762 1000
0.763  0.00249683 0.763 1000
0.764  0.00308212 0.764 1000
0.765  0.00338806 0.765 1000
0.766  0.00338467 0.766 1000
0.767  0.00307227 0.767 1000
0.768  0.00248141 0.768 1000
0.769  0.00166991 0.769 1000
0.77  0.000717183 0.77 1000
0.771  -0.000283534 0.771 1000
0.772  -0.00123431 0.772 1000
0.773  -0.00204209 0.773 1000
0.774  -0.00262783 0.774 1000
0.775  -0.00293422 0.775 1000
0.776  -0.00293129 0.776 1000
0.777  -0.00261934 0.777 1000
0.778  -0.00202893 0.778 1000
0.779  -0.00121789 0.779 1000
0.78  -0.000265615 0.78 1000
0.781  0.000734651 0.781 1000
0.782  0.00168497 0.782 1000
0.783  0.0024923 0.783 1000
0.784  0.0030776 0.784 1000
0.785  0.00338354 0.785 1000
0.786  0.00338015 0.786 1000
0.787  0.00306776 0.787 1000
0.788  0.0024769 0.788 1000
0.789  0.00166541 0.789 1000
0.79  0.000712688 0.79 1000
0.791  -0.000288025 0.791 1000
0.792  -0.00123879 0.792 1000
0.793  -0.00204657 0.793 1000
0.794  -0.00263231 0.794 1000
0.795  -0.0029387 0.795 1000
0.796  -0.00293576 0.796 1000
0.797  -0.0026238 0.797 1000
0.798  -0.00203339 0.798 1000
0.799  -0.00122234 0.799 1000
0.8  -0.000270065 0.8 1000
0.801  0.000730205 0.801 1000
0.802  0.00168053 0.802 1000
0.803  0.00248787 0.803 1000
0.804  0.00307316 0.804 1000
0.805  0.00337911 0.805 1000
0.806  0.00337573 0.806 1000
0.807  0.00306334 0.807 1000
0.808  0.00247249 0.808 1000
0.809  0.001661 0.809 1000
0.81  0.000708281 0.81 1000
0.811  -0.000292427 0.811 1000
0.812  -0.00124319 0.812 1000
0.813  -0.00205096 0.813 1000
0.814  -0.0026367 0.814 1000
0.815  -0.00294308 0.815 1000
0.816  -0.00294014 0.816 1000
0.817  -0.00262818 0.817 1000
0.818  -0.00203777 0.818 1000
0.819  -0.00122671 0.819 1000
0.82  -0.000274428 0.82 1000
0.821  0.000725847 0.821 1000
0.822  0.00167618 0.822 1000
0.823  0.00248352 0.823 1000
0.824  0.00306882 0.824 1000
0.825  0.00337477 0.825 1000
0.826  0.00337139 0.826 1000
0.827  0.003059 0.827 1000
0.828  0.00246816 0.828 1000
0.829  0.00165668 0.829 1000
0.83  0.000703962 0.83 1000
0.831  -0.000296742 0.831 1000
0.832  -0.0012475 0.832 1000
0.833  -0.00205527 0.833 1000
0.834  -0.002641 0.834 1000
0.835  -0.00294738 0.835 1000
0.836  -0.00294443 0.836 1000
0.837  -0.00263247 0.837 1000
0.838  -0.00204205 0.838 1000
0.839  -0.00123099 0.839 1000
0.84  -0.000278704 0.84 1000
0.841  0.000721575 0.841 1000
0.842  0.00167191 0.842 1000
0.843  0.00247925 0.843 1000
0.844  0.00306456 0.844 1000
0.845  0.00337051 0.845 1000
0.846  0.00336714 0.846 1000
0.847  0.00305476 0.847 1000
0.848  0.00246392 0.848 1000
0.849  0.00165244 0.849 1000
0.85  0.000699729 0.85 1000
0.851  -0.000300971 0.851 1000
0.852  -0.00125173 0.852 1000
0.853  -0.00205949 0.853 1000
0.854  -0.00264522 0.854 1000
0.855  -0.00295159 0.855 1000
0.856  -0.00294864 0.856 1000
0.857  -0.00263667 0.857 1000
0.858  -0.00204625 0.858 1000
0.859  -0.00123519 0.859 1000
0.86  -0.000282895 0.86 1000
0.861  0.000717388 0.861 1000
0.862  0.00166773 0.862 1000
0.863  0.00247508 0.863 1000
0.864  0.00306039 0.864 1000
0.865  0.00336634 0.865 1000
0.866  0.00336298 0.866 1000
0.867  0.0030506 0.867 1000
0.868  0.00245976 0.868 1000
0.869  0.00164828 0.869 1000
0.87  0.000695579 0.87 1000
0.871  -0.000305116 0.871 1000
0.872  -0.00125587 0.872 1000
0.873  -0.00206363 0.873 1000
0.874  -0.00264935 0.874 1000
0.875  -0.00295572 0.875 1000
0.876  -0.00295276 0.876 1000
0.877  -0.00264079 0.877 1000
0.878  -0.00205037 0.878 1000
0.879  -0.0012393 0.879 1000
0.88  -0.000287004 0.88 1000
0.881  0.000713283 0.881 1000
0.882  0.00166363 0.882 1000
0.883  0.00247098 0.883 1000
0.884  0.00305629 0.884 1000
0.885  0.00336226 0.885 1000
0.886  0.00335889 0.886 1000
0.887  0.00304652 0.887 1000
0.888  0.00245569 0.888 1000
0.889  0.00164421 0.889 1000
0.89  0.000691512 0.89 1000
0.891  -0.00030918 0.891 1000
0.892  -0.00125993 0.892 1000
0.893  -0.00206768 0.893 1000
0.894  -0.0026534 0.894 1000
0.895  -0.00295977 0.895 1000
0.896  -0.00295681 0.896 1000
0.897  -0.00264483 0.897 1000
0.898  -0.0020544 0.898 1000
0.899  -0.00124333 0.899 1000
0.9  -0.00029103 0.9 1000
0.901  0.000709261 0.901 1000
0.902  0.00165961 0.902 1000
0.903  0.00246697 0.903 1000
0.904  0.00305228 0.904 1000
0.905  0.00335825 0.905 1000
0.906  0.00335489 0.906 1000
0.907  0.00304252 0.907 1000
0.908  0.00245169 0.908 1000
0.909  0.00164022 0.909 1000
0.91  0.000687525 0.91 1000
0.911  -0.000313163 0.911 1000
0.912  -0.00126391 0.912 1000
0.913  -0.00207166 0.913 1000
0.914  -0.00265737 0.914 1000
0.915  -0.00296373 0.915 1000
0.916  -0.00296077 0.916 1000
0.917  -0.00264879 0.917 1000
0.918  -0.00205836 0.918 1000
0.919  -0.00124728 0.919 1000
0.92  -0.000294978 0.92 1000
0.921  0.000705317 0.921 1000
0.922  0.00165567 0.922 1000
0.923  0.00246303 0.923 1000
0.924  0.00304835 0.924 1000
0.925  0.00335432 0.925 1000
0.926  0.00335097 0.926 1000
0.927  0.0030386 0.927 1000
0.928  0.00244777 0.928 1000
0.929  0.00163631 0.929 1000
0.93  0.000683617 0.93 1000
0.931  -0.000317067 0.931 1000
0.932  -0.00126781 0.932 1000
0.933  -0.00207556 0.933 1000
0.934  -0.00266126 0.934 1000
0.935  -0.00296762 0.935 1000
0.936  -0.00296465 0.936 1000
0.937  -0.00265267 0.937 1000
0.938  -0.00206223 0.938 1000
0.939  -0.00125115 0.939 1000
0.94  -0.000298847 0.94 1000
0.941  0.000701452 0.941 1000
0.942  0.00165181 0.942 1000
0.943  0.00245917 0.943 1000
0.944  0.0030445 0.944 1000
0.945  0.00335047 0.945 1000
0.946  0.00334712 0.946 1000
0.947  0.00303476 0.947 1000
0.948  0.00244394 0.948 1000
0.949  0.00163248 0.949 1000
0.95  0.000679787 0.95 1000
0.951  -0.000320893 0.951 1000
0.952  -0.00127163 0.952 1000
0.953  -0.00207937 0.953 1000
0.954  -0.00266508 0.954 1000
0.955  -0.00297143 0.955 1000
0.956  -0.00296846 0.956 1000
0.957  -0.00265648 0.957 1000
0.958  -0.00206603 0.958 1000
0.959  -0.00125495 0.959 1000
0.96  -0.000302639 0.96 1000
0.961  0.000697664 0.961 1000
0.962  0.00164802 0.962 1000
0.963  0.00245539 0.963 1000
0.964  0.00304072 0.964 1000
0.965  0.0033467 0.965 1000
0.966  0.00334335 0.966 1000
0.967  0.00303099 0.967 1000
0.968  0.00244017 0.968 1000
0.969  0.00162872 0.969 1000
0.97  0.000676032 0.97 1000
0.971  -0.000324644 0.971 1000
0.972  -0.00127538 0.972 1000
0.973  -0.00208312 0.973 1000
0.974  -0.00266882 0.974 1000
0.975  -0.00297517 0.975 1000
0.976  -0.00297219 0.976 1000
0.977  -0.0026602 0.977 1000
0.978  -0.00206976 0.978 1000
0.979  -0.00125867 0.979 1000
0.98  -0.000306356 0.98 1000
0.981  0.00069395 0.981 1000
0.982  0.00164431 0.982 1000
0.983  0.00245169 0.983 1000
0.984  0.00303702 0.984 1000
0.985  0.003343 0.985 1000
0.986  0.00333966 0.986 1000
0.987  0.0030273 0.987 1000
0.988  0.00243649 0.988 1000
0.989  0.00162503 0.989 1000
0.99  0.000672352 0.99 1000
0.991  -0.00032832 0.991 1000
0.992  -0.00127905 0.992 1000
0.993  -0.00208679 0.993 1000
0.994  -0.00267249 0.994 1000
0.995  -0.00297883 0.995 1000
0.996  -0.00297585 0.996 1000
0.997  -0.00266386 0.997 1000
0.998  -0.00207341 0.998 1000
0.999  -0.00126232 0.999 1000
1  -0.00031 1 1000
