0  0 0 100
0.01  -1.73472e-18 0.01 100
0.02  0 0.02 100
0.03  -1.73472e-18 0.03 100
0.04  0 0.04 100
0.05  -1.73472e-18 0.05 100
0.06  0 0.06 100
0.07  -1.73472e-18 0.07 100
0.08  0 0.08 100
0.09  -1.73472e-18 0.09 100
0.1  0 0.1 100
0.11  -1.73472e-18 0.11 100
0.12  0 0.12 100
0.13  -1.73472e-18 0.13 100
0.14  0 0.14 100
0.15  -1.73472e-18 0.15 100
0.16  0 0.16 100
0.17  -1.73472e-18 0.17 100
0.18  0 0.18 100
0.19  -1.73472e-18 0.19 100
0.2  0 0.2 100
0.21  -1.73472e-18 0.21 100
0.22  0 0.22 100
0.23  -1.73472e-18 0.23 100
0.24  0 0.24 100
0.25  0 0.25 100
0.26  1.73472e-18 0.26 100
0.27  0 0.27 100
0.28  1.73472e-18 0.28 100
0.29  1.73472e-18 0.29 100
0.3  1.73472e-18 0.3 100
0.31  1.73472e-18 0.31 100
0.32  3.46945e-18 0.32 100
0.33  1.73472e-18 0.33 100
0.34  3.46945e-18 0.34 100
0.35  1.73472e-18 0.35 100
0.36  3.46945e-18 0.36 100
0.37  1.73472e-18 0.37 100
0.38  3.46945e-18 0.38 100
0.39  1.73472e-18 0.39 100
0.4  3.46945e-18 0.4 100
0.41  1.73472e-18 0.41 100
0.42  1.73472e-18 0.42 100
0.43  0 0.43 100
0.44  0 0.44 100
0.45  -1.73472e-18 0.45 100
0.46  0 0.46 100
0.47  0 0.47 100
0.48  1.73472e-18 0.48 100
0.49  0 0.49 100
0.5  0 0.5 100
0.51  -1.73472e-18 0.51 100
0.52  -1.73472e-18 0.52 100
0.53  -3.46945e-18 0.53 100
0.54  -1.73472e-18 0.54 100
0.55  -1.73472e-18 0.55 100
0.56  0 0.56 100
0.57  -1.73472e-18 0.57 100
0.58  -1.73472e-18 0.58 100
0.59  -3.46945e-18 0.59 100
0.6  -1.73472e-18 0.6 100
0.61  -3.46945e-18 0.61 100
0.62  -1.73472e-18 0.62 100
0.63  -1.73472e-18 0.63 100
0.64  0 0.64 100
0.65  -1.73472e-18 0.65 100
0.66  1.73472e-18 0.66 100
0.67  0 0.67 100
0.68  1.73472e-18 0.68 100
0.69  0 0.69 100
0.7  1.73472e-18 0.7 100
0.71  0 0.71 100
0.72  1.73472e-18 0.72 100
0.73  0 0.73 100
0.74  3.46945e-18 0.74 100
0.75  3.46945e-18 0.75 100
0.76  5.20417e-18 0.76 100
0.77  3.46945e-18 0.77 100
0.78  5.20417e-18 0.78 100
0.79  3.46945e-18 0.79 100
0.8  3.46945e-18 0.8 100
0.81  1.73472e-18 0.81 100
0.82  3.46945e-18 0.82 100
0.83  3.46945e-18 0.83 100
0.84  3.46945e-18 0.84 100
0.85  1.73472e-18 0.85 100
0.86  3.46945e-18 0.86 100
0.87  1.73472e-18 0.87 100
0.88  3.46945e-18 0.88 100
0.89  3.46945e-18 0.89 100
0.9  5.20417e-18 0.9 100
0.91  3.46945e-18 0.91 100
0.92  5.20417e-18 0.92 100
0.93  3.46945e-18 0.93 100
0.94  5.20417e-18 0.94 100
0.95  3.46945e-18 0.95 100
0.96  5.20417e-18 0.96 100
0.97  3.46945e-18 0.97 100
0.98  5.20417e-18 0.98 100
0.99  3.46945e-18 0.99 100
1  3.46945e-18 1 100
