0  0 0 100
0.01  0.01 0.01 100
0.02  -0.0001 0.02 100
0.03  0.009901 0.03 100
0.04  -0.00019801 0.04 100
0.05  0.00980397 0.05 100
0.06  -0.00029407 0.06 100
0.07  0.00970887 0.07 100
0.08  -0.000388218 0.08 100
0.09  0.00961566 0.09 100
0.1  -0.000480492 0.1 100
0.11  0.00952431 0.11 100
0.12  -0.00057093 0.12 100
0.13  0.00943478 0.13 100
0.14  -0.000659569 0.14 100
0.15  0.00934703 0.15 100
0.16  -0.000746443 0.16 100
0.17  0.00926102 0.17 100
0.18  -0.000831589 0.18 100
0.19  0.00917673 0.19 100
0.2  -0.000915041 0.2 100
0.21  0.00909411 0.21 100
0.22  -0.000996831 0.22 100
0.23  0.00901314 0.23 100
0.24  -0.00107699 0.24 100
0.25  0.00893378 0.25 100
0.26  -0.00115556 0.26 100
0.27  0.00885599 0.27 100
0.28  -0.00123257 0.28 100
0.29  0.00877976 0.29 100
0.3  -0.00130804 0.3 100
0.31  0.00870504 0.31 100
0.32  -0.00138201 0.32 100
0.33  0.00863181 0.33 100
0.34  -0.00145451 0.34 100
0.35  0.00856004 0.35 100
0.36  -0.00152556 0.36 100
0.37  0.00848969 0.37 100
0.38  -0.0015952 0.38 100
0.39  0.00842075 0.39 100
0.4  -0.00166346 0.4 100
0.41  0.00835318 0.41 100
0.42  -0.00173036 0.42 100
0.43  0.00828695 0.43 100
0.44  -0.00179592 0.44 100
0.45  0.00822204 0.45 100
0.46  -0.00186018 0.46 100
0.47  0.00815842 0.47 100
0.48  -0.00192317 0.48 100
0.49  0.00809607 0.49 100
0.5  -0.00198489 0.5 100
0.51  0.00803495 0.51 100
0.52  -0.00204539 0.52 100
0.53  0.00797506 0.53 100
0.54  -0.00210469 0.54 100
0.55  0.00791636 0.55 100
0.56  -0.00216281 0.56 100
0.57  0.00785882 0.57 100
0.58  -0.00221977 0.58 100
0.59  0.00780243 0.59 100
0.6  -0.00227559 0.6 100
0.61  0.00774716 0.61 100
0.62  -0.00233031 0.62 100
0.63  0.00769299 0.63 100
0.64  -0.00238394 0.64 100
0.65  0.0076399 0.65 100
0.66  -0.0024365 0.66 100
0.67  0.00758787 0.67 100
0.68  -0.00248801 0.68 100
0.69  0.00753687 0.69 100
0.7  -0.0025385 0.7 100
0.71  0.00748689 0.71 100
0.72  -0.00258798 0.72 100
0.73  0.0074379 0.73 100
0.74  -0.00263648 0.74 100
0.75  0.00738988 0.75 100
0.76  -0.00268402 0.76 100
0.77  0.00734282 0.77 100
0.78  -0.0027306 0.78 100
0.79  0.0072967 0.79 100
0.8  -0.00277627 0.8 100
0.81  0.0072515 0.81 100
0.82  -0.00282102 0.82 100
0.83  0.00720719 0.83 100
0.84  -0.00286488 0.84 100
0.85  0.00716377 0.85 100
0.86  -0.00290787 0.86 100
0.87  0.00712121 0.87 100
0.88  -0.00295 0.88 100
0.89  0.0070795 0.89 100
0.9  -0.0029913 0.9 100
0.91  0.00703862 0.91 100
0.92  -0.00303177 0.92 100
0.93  0.00699855 0.93 100
0.94  -0.00307144 0.94 100
0.95  0.00695928 0.95 100
0.96  -0.00311032 0.96 100
0.97  0.00692079 0.97 100
0.98  -0.00314842 0.98 100
0.99  0.00688306 0.99 100
1  -0.00318577 1 100
