0  0 0 100
0.01  -0.00990099 0.01 100
0.02  9.80296e-05 0.02 100
0.03  -0.00980393 0.03 100
0.04  0.000194128 0.04 100
0.05  -0.00970878 0.05 100
0.06  0.000288332 0.06 100
0.07  -0.00961551 0.07 100
0.08  0.00038068 0.08 100
0.09  -0.00952408 0.09 100
0.1  0.000471209 0.1 100
0.11  -0.00943445 0.11 100
0.12  0.000559954 0.12 100
0.13  -0.00934658 0.13 100
0.14  0.00064695 0.14 100
0.15  -0.00926045 0.15 100
0.16  0.000732233 0.16 100
0.17  -0.00917601 0.17 100
0.18  0.000815834 0.18 100
0.19  -0.00909323 0.19 100
0.2  0.000897789 0.2 100
0.21  -0.00901209 0.21 100
0.22  0.000978128 0.22 100
0.23  -0.00893255 0.23 100
0.24  0.00105688 0.24 100
0.25  -0.00885457 0.25 100
0.26  0.00113409 0.26 100
0.27  -0.00877813 0.27 100
0.28  0.00120977 0.28 100
0.29  -0.00870319 0.29 100
0.3  0.00128397 0.3 100
0.31  -0.00862974 0.31 100
0.32  0.0013567 0.32 100
0.33  -0.00855773 0.33 100
0.34  0.00142799 0.34 100
0.35  -0.00848714 0.35 100
0.36  0.00149789 0.36 100
0.37  -0.00841793 0.37 100
0.38  0.0015664 0.38 100
0.39  -0.0083501 0.39 100
0.4  0.00163357 0.4 100
0.41  -0.0082836 0.41 100
0.42  0.00169941 0.42 100
0.43  -0.00821841 0.43 100
0.44  0.00176395 0.44 100
0.45  -0.0081545 0.45 100
0.46  0.00182723 0.46 100
0.47  -0.00809186 0.47 100
0.48  0.00188925 0.48 100
0.49  -0.00803044 0.49 100
0.5  0.00195006 0.5 100
0.51  -0.00797024 0.51 100
0.52  0.00200966 0.52 100
0.53  -0.00791123 0.53 100
0.54  0.00206809 0.54 100
0.55  -0.00785337 0.55 100
0.56  0.00212537 0.56 100
0.57  -0.00779666 0.57 100
0.58  0.00218152 0.58 100
0.59  -0.00774107 0.59 100
0.6  0.00223657 0.6 100
0.61  -0.00768657 0.61 100
0.62  0.00229053 0.62 100
0.63  -0.00763314 0.63 100
0.64  0.00234343 0.64 100
0.65  -0.00758077 0.65 100
0.66  0.00239528 0.66 100
0.67  -0.00752942 0.67 100
0.68  0.00244611 0.68 100
0.69  -0.00747909 0.69 100
0.7  0.00249595 0.7 100
0.71  -0.00742976 0.71 100
0.72  0.0025448 0.72 100
0.73  -0.00738139 0.73 100
0.74  0.00259268 0.74 100
0.75  -0.00733398 0.75 100
0.76  0.00263963 0.76 100
0.77  -0.0072875 0.77 100
0.78  0.00268564 0.78 100
0.79  -0.00724194 0.79 100
0.8  0.00273076 0.8 100
0.81  -0.00719727 0.81 100
0.82  0.00277498 0.82 100
0.83  -0.00715349 0.83 100
0.84  0.00281833 0.84 100
0.85  -0.00711056 0.85 100
0.86  0.00286083 0.86 100
0.87  -0.00706849 0.87 100
0.88  0.00290249 0.88 100
0.89  -0.00702724 0.89 100
0.9  0.00294333 0.9 100
0.91  -0.0069868 0.91 100
0.92  0.00298336 0.92 100
0.93  -0.00694717 0.93 100
0.94  0.00302261 0.94 100
0.95  -0.00690831 0.95 100
0.96  0.00306108 0.96 100
0.97  -0.00687022 0.97 100
0.98  0.00309879 0.98 100
0.99  -0.00683288 0.99 100
1  0.00313577 1 100
