0  0 0 100
0.01  -5e-05 0.01 100
0.02  4.975e-07 0.02 100
0.03  -4.95075e-05 0.03 100
0.04  9.85149e-07 0.04 100
0.05  -4.90247e-05 0.05 100
0.06  1.46314e-06 0.06 100
0.07  -4.85514e-05 0.07 100
0.08  1.93167e-06 0.08 100
0.09  -4.80875e-05 0.09 100
0.1  2.39092e-06 0.1 100
0.11  -4.76329e-05 0.11 100
0.12  2.84108e-06 0.12 100
0.13  -4.71872e-05 0.13 100
0.14  3.28232e-06 0.14 100
0.15  -4.67503e-05 0.15 100
0.16  3.71483e-06 0.16 100
0.17  -4.63221e-05 0.17 100
0.18  4.13877e-06 0.18 100
0.19  -4.59024e-05 0.19 100
0.2  4.55432e-06 0.2 100
0.21  -4.5491e-05 0.21 100
0.22  4.96164e-06 0.22 100
0.23  -4.50877e-05 0.23 100
0.24  5.36089e-06 0.24 100
0.25  -4.46924e-05 0.25 100
0.26  5.75224e-06 0.26 100
0.27  -4.4305e-05 0.27 100
0.28  6.13584e-06 0.28 100
0.29  -4.39252e-05 0.29 100
0.3  6.51185e-06 0.3 100
0.31  -4.35529e-05 0.31 100
0.32  6.88041e-06 0.32 100
0.33  -4.31881e-05 0.33 100
0.34  7.24167e-06 0.34 100
0.35  -4.28304e-05 0.35 100
0.36  7.59578e-06 0.36 100
0.37  -4.24798e-05 0.37 100
0.38  7.94287e-06 0.38 100
0.39  -4.21362e-05 0.39 100
0.4  8.28309e-06 0.4 100
0.41  -4.17993e-05 0.41 100
0.42  8.61658e-06 0.42 100
0.43  -4.14692e-05 0.43 100
0.44  8.94346e-06 0.44 100
0.45  -4.11455e-05 0.45 100
0.46  9.26387e-06 0.46 100
0.47  -4.08283e-05 0.47 100
0.48  9.57794e-06 0.48 100
0.49  -4.05174e-05 0.49 100
0.5  9.88579e-06 0.5 100
0.51  -4.02126e-05 0.51 100
0.52  1.01875e-05 0.52 100
0.53  -3.99138e-05 0.53 100
0.54  1.04833e-05 0.54 100
0.55  -3.9621e-05 0.55 100
0.56  1.07732e-05 0.56 100
0.57  -3.9334e-05 0.57 100
0.58  1.10574e-05 0.58 100
0.59  -3.90526e-05 0.59 100
0.6  1.1336e-05 0.6 100
0.61  -3.87768e-05 0.61 100
0.62  1.1609e-05 0.62 100
0.63  -3.85065e-05 0.63 100
0.64  1.18766e-05 0.64 100
0.65  -3.82415e-05 0.65 100
0.66  1.2139e-05 0.66 100
0.67  -3.79818e-05 0.67 100
0.68  1.23961e-05 0.68 100
0.69  -3.77272e-05 0.69 100
0.7  1.26481e-05 0.7 100
0.71  -3.74777e-05 0.71 100
0.72  1.28952e-05 0.72 100
0.73  -3.72331e-05 0.73 100
0.74  1.31374e-05 0.74 100
0.75  -3.69934e-05 0.75 100
0.76  1.33747e-05 0.76 100
0.77  -3.67583e-05 0.77 100
0.78  1.36074e-05 0.78 100
0.79  -3.6528e-05 0.79 100
0.8  1.38355e-05 0.8 100
0.81  -3.63022e-05 0.81 100
0.82  1.4059e-05 0.82 100
0.83  -3.60809e-05 0.83 100
0.84  1.42781e-05 0.84 100
0.85  -3.58639e-05 0.85 100
0.86  1.44929e-05 0.86 100
0.87  -3.56513e-05 0.87 100
0.88  1.47034e-05 0.88 100
0.89  -3.54429e-05 0.89 100
0.9  1.49098e-05 0.9 100
0.91  -3.52386e-05 0.91 100
0.92  1.51121e-05 0.92 100
0.93  -3.50383e-05 0.93 100
0.94  1.53103e-05 0.94 100
0.95  -3.4842e-05 0.95 100
0.96  1.55047e-05 0.96 100
0.97  -3.46496e-05 0.97 100
0.98  1.56952e-05 0.98 100
0.99  -3.4461e-05 0.99 100
1  1.58819e-05 1 100
